
=== LABERINTO ===
|‚Ėą‚Ėą‚Ėą‚Ėą‚Ėą‚Ėą‚Ėą‚Ėą‚Ėą‚Ėą‚Ėą‚Ėą‚Ėą‚Ėą‚Ėą‚Ėą‚Ėą|
|‚Ėą000‚Ėą00000000000‚Ėą|
|‚Ėą000‚Ėą00000000000‚Ėą|
|‚Ėą000‚Ėą00000000000‚Ėą|
|S000‚Ėą000‚Ėą000‚Ėą‚Ėą‚Ėą‚Ėą‚Ėą|
|‚Ėą000‚Ėą000‚Ėą000‚Ėą000‚Ėą|
|‚Ėą000‚Ėą000‚Ėą000‚Ėą000‚Ėą|
|‚Ėą000‚Ėą000‚Ėą000‚Ėą000‚Ėą|
|‚Ėą000‚Ėą‚Ėą‚Ėą‚Ėą‚Ėą000‚Ėą000‚Ėą|
|‚Ėą00000000000‚Ėą000‚Ėą|
|‚Ėą00000000000‚Ėą000‚Ėą|
|‚Ėą00000000000‚Ėą000‚Ėą|
|‚Ėą000‚Ėą‚Ėą‚Ėą‚Ėą‚Ėą000‚Ėą000E|
|‚Ėą000‚Ėą00000000000‚Ėą|
|‚Ėą000‚Ėą00000000000‚Ėą|
|‚Ėą000‚Ėą00000000000‚Ėą|
|‚Ėą‚Ėą‚Ėą‚Ėą‚Ėą‚Ėą‚Ėą‚Ėą‚Ėą‚Ėą‚Ėą‚Ėą‚Ėą‚Ėą‚Ėą‚Ėą‚Ėą|


=== EJECUCI√ďN DIN√ĀMICA ===

=== INFORMACI√ďN DEL CAMINO ENCONTRADO ===
Iteraci√≥n: 1
Reintentos: 0
Coste del camino: 103
Nodos generados en esta iteraci√≥n: 113
Nodos inspeccionados en esta iteraci√≥n: 93
N√ļmero de pasos del camino: 17
Proporci√≥n media de paredes: 0.3391

Nodos generados (113): (4,1), (3,1), (5,1), (6,1), (5,2), (4,2), (6,2), (3,2), (7,2), (6,3), (5,3), (7,1), (7,3), (4,3), (8,3), (8,2), (3,3), (8,1), (9,3), (9,2), (9,4), (9,1), (10,4), (9,5), (10,3), (10,5), (2,1), (2,2), (10,2), (11,5), (10,6), (9,6), (11,4), (11,6), (10,1), (11,3), (11,7), (10,7), (2,3), (11,2), (9,7), (11,1), (12,3), (11,8), (10,8), (12,2), (9,8), (12,1), (11,9), (10,9), (12,9), (13,3), (13,2), (9,9), (13,9), (12,10), (11,10), (13,8), (13,10), (1,2), (1,1), (1,3), (13,1), (8,9), (10,10), (9,10), (12,11), (11,11), (13,11), (8,10), (10,11), (9,11), (13,12), (8,11), (14,10), (14,9), (14,11), (14,3), (14,2), (14,8), (7,9), (7,10), (14,1), (14,12), (7,11), (13,13), (12,13), (14,13), (11,13), (12,14), (11,14), (13,14), (13,7), (14,7), (14,14), (15,11), (15,10), (15,12), (12,15), (11,15), (13,15), (15,9), (6,10), (6,9), (6,11), (14,15), (15,8), (15,3), (15,2), (15,13), (12,16), (15,1), (15,14)
Nodos inspeccionados (93): (4,0), (5,1), (4,1), (6,2), (6,1), (5,2), (7,3), (4,2), (7,2), (6,3), (5,3), (7,1), (8,3), (4,3), (8,2), (9,4), (3,1), (8,1), (9,3), (10,5), (9,2), (10,4), (9,5), (11,6), (3,2), (9,1), (10,3), (11,5), (10,6), (10,2), (9,6), (11,4), (11,7), (3,3), (10,1), (11,3), (10,7), (11,2), (9,7), (11,8), (11,1), (12,3), (10,8), (12,9), (2,2), (12,2), (9,8), (11,9), (2,1), (12,1), (10,9), (12,10), (2,3), (9,9), (11,10), (10,10), (12,11), (9,10), (11,11), (10,11), (13,10), (9,11), (13,3), (13,9), (1,3), (8,9), (13,2), (1,2), (13,11), (1,1), (13,1), (8,10), (13,12), (8,11), (12,13), (13,8), (13,13), (14,11), (12,14), (14,10), (7,10), (13,14), (14,9), (14,3), (7,9), (14,12), (12,15), (14,2), (7,11), (13,15), (14,1), (14,13), (12,16)
|‚Ėą‚Ėą‚Ėą‚Ėą‚Ėą‚Ėą‚Ėą‚Ėą‚Ėą‚Ėą‚Ėą‚Ėą‚Ėą‚Ėą‚Ėą‚Ėą‚Ėą|
|‚Ėą000‚Ėą00000000000‚Ėą|
|‚Ėą000‚Ėą00000000000‚Ėą|
|‚Ėą000‚Ėą00000000000‚Ėą|
|S000‚Ėą000‚Ėą000‚Ėą‚Ėą‚Ėą‚Ėą‚Ėą|
|‚Ėą*00‚Ėą000‚Ėą000‚Ėą000‚Ėą|
|‚Ėą0*0‚Ėą000‚Ėą000‚Ėą000‚Ėą|
|‚Ėą00*‚Ėą000‚Ėą000‚Ėą000‚Ėą|
|‚Ėą00*‚Ėą‚Ėą‚Ėą‚Ėą‚Ėą000‚Ėą000‚Ėą|
|‚Ėą000*0000000‚Ėą000‚Ėą|
|‚Ėą0000*000000‚Ėą000‚Ėą|
|‚Ėą00000***000‚Ėą000‚Ėą|
|‚Ėą000‚Ėą‚Ėą‚Ėą‚Ėą‚Ėą***‚Ėą****|
|‚Ėą000‚Ėą0000000*000‚Ėą|
|‚Ėą000‚Ėą00000000000‚Ėą|
|‚Ėą000‚Ėą00000000000‚Ėą|
|‚Ėą‚Ėą‚Ėą‚Ėą‚Ėą‚Ėą‚Ėą‚Ėą‚Ėą‚Ėą‚Ėą‚Ėą‚Ėą‚Ėą‚Ėą‚Ėą‚Ėą|
Camino encontrado: (4,0) -> (5,1) -> (6,2) -> (7,3) -> (8,3) -> (9,4) -> (10,5) -> (11,6) -> (11,7) -> (11,8) -> (12,9) -> (12,10) -> (12,11) -> (13,12) -> (12,13) -> (12,14) -> (12,15) -> (12,16)

=== INFORMACI√ďN DEL CAMINO ENCONTRADO ===
Iteraci√≥n: 2
Reintentos: 0
Coste del camino: 92
Nodos generados en esta iteraci√≥n: 175
Nodos inspeccionados en esta iteraci√≥n: 137
N√ļmero de pasos del camino: 16
Proporci√≥n media de paredes: 0.221453

Nodos generados (175): (4,1), (6,1), (5,2), (4,0), (4,2), (6,0), (6,2), (7,2), (6,3), (5,3), (7,1), (7,3), (4,3), (8,3), (6,4), (8,2), (8,1), (5,4), (8,0), (9,3), (9,2), (9,4), (6,5), (5,5), (7,5), (9,1), (10,4), (9,5), (8,5), (10,3), (4,5), (10,2), (7,6), (6,6), (3,2), (3,1), (3,3), (10,1), (5,6), (11,4), (11,3), (11,5), (9,6), (10,6), (3,0), (4,6), (11,2), (7,7), (6,7), (11,6), (12,4), (10,7), (9,7), (11,7), (3,4), (11,1), (5,7), (12,3), (12,7), (11,8), (10,8), (12,8), (4,7), (7,8), (8,8), (9,8), (13,8), (12,9), (11,9), (13,7), (12,1), (5,8), (13,3), (13,5), (13,6), (10,9), (8,9), (7,9), (9,9), (12,0), (6,9), (12,10), (11,10), (13,10), (9,10), (8,10), (3,5), (3,6), (2,3), (2,2), (13,1), (5,9), (4,9), (6,10), (12,11), (11,11), (13,11), (9,11), (8,11), (10,11), (2,1), (3,7), (5,10), (7,11), (2,0), (2,5), (13,12), (6,11), (5,11), (7,12), (14,7), (14,9), (14,5), (14,4), (14,6), (2,6), (4,11), (6,12), (14,10), (5,12), (14,3), (14,2), (2,7), (4,12), (7,13), (8,13), (3,9), (3,10), (14,12), (5,13), (9,13), (8,14), (7,14), (9,14), (1,2), (1,4), (14,1), (2,8), (6,14), (10,14), (9,15), (8,15), (10,15), (1,1), (1,5), (1,6), (13,13), (14,13), (7,15), (11,15), (9,16), (11,14), (11,16), (1,0), (5,14), (4,14), (6,15), (11,13), (8,16), (12,16), (12,15), (15,9), (15,8), (15,10), (15,6), (15,5), (15,7), (1,7), (3,11), (3,12), (5,15), (7,16), (13,14), (14,14), (15,4)
Nodos inspeccionados (137): (5,1), (6,2), (6,1), (5,2), (7,3), (7,2), (6,3), (5,3), (7,1), (8,3), (6,4), (8,2), (9,4), (8,1), (5,4), (9,3), (7,5), (4,2), (6,0), (9,2), (6,5), (10,4), (9,5), (4,1), (5,5), (9,1), (8,5), (10,3), (7,6), (11,5), (10,6), (4,3), (10,2), (6,6), (11,4), (9,6), (11,7), (10,1), (5,6), (11,3), (7,7), (11,6), (10,7), (12,8), (8,0), (11,2), (6,7), (12,4), (9,7), (12,7), (11,8), (8,8), (11,1), (5,7), (12,3), (10,8), (7,8), (12,9), (9,9), (4,0), (4,5), (9,8), (11,9), (8,9), (3,3), (12,1), (5,8), (10,9), (7,9), (12,10), (9,10), (3,2), (4,6), (6,9), (11,10), (8,10), (10,11), (3,1), (3,4), (5,9), (12,11), (9,11), (4,7), (6,10), (11,11), (8,11), (13,8), (13,5), (3,5), (5,10), (7,11), (13,7), (12,0), (13,10), (6,11), (13,3), (13,6), (3,6), (5,11), (7,12), (3,0), (4,9), (13,11), (6,12), (8,13), (2,3), (13,1), (3,7), (5,12), (7,13), (9,14), (2,2), (2,5), (13,12), (9,13), (8,14), (10,15), (2,1), (5,13), (7,14), (10,14), (9,15), (11,16), (14,9), (14,6), (2,6), (4,11), (6,14), (8,15), (13,13), (11,15), (14,5), (7,15), (9,16), (11,14), (5,14), (12,16)
|000000‚Ėą00‚Ėą‚Ėą‚Ėą‚Ėą‚Ėą‚Ėą‚Ėą0|
|000‚Ėą000000000000‚Ėą|
|0000‚Ėą000000‚Ėą0000‚Ėą|
|00000000‚Ėą0000‚Ėą000|
|S000‚Ėą000‚Ėą0‚Ėą00‚Ėą0‚Ėą‚Ėą|
|‚Ėą+*******00000000|
|00000000‚Ėą**00‚Ėą00‚Ėą|
|‚Ėą000‚Ėą00000‚Ėą**0000|
|0000‚Ėą0‚Ėą‚Ėą0000‚Ėą*000|
|‚Ėą00000000000‚Ėą0*00|
|‚Ėą0000‚Ėą0000‚Ėą0‚Ėą‚Ėą0*‚Ėą|
|‚Ėą00000000000‚Ėą000*|
|00‚Ėą00‚Ėą‚Ėą00000‚Ėą‚Ėą‚Ėą0*|
|‚Ėą0‚Ėą0‚Ėą0000‚Ėą000000‚Ėą|
|‚Ėą0000000‚Ėą00‚Ėą00000|
|00‚Ėą00000000000000|
|0‚Ėą‚Ėą00‚Ėą0000‚Ėą‚Ėą‚Ėą00‚Ėą0|
Camino encontrado: (5,1) -> (5,2) -> (5,3) -> (5,4) -> (5,5) -> (5,6) -> (5,7) -> (5,8) -> (6,9) -> (6,10) -> (7,11) -> (7,12) -> (8,13) -> (9,14) -> (10,15) -> (11,16) -> (12,16)

=== INFORMACI√ďN DEL CAMINO ENCONTRADO ===
Iteraci√≥n: 3
Reintentos: 0
Coste del camino: 88
Nodos generados en esta iteraci√≥n: 144
Nodos inspeccionados en esta iteraci√≥n: 114
N√ļmero de pasos del camino: 14
Proporci√≥n media de paredes: 0.242215

Nodos generados (144): (4,2), (6,2), (5,1), (4,1), (6,1), (6,3), (7,3), (6,4), (5,4), (7,2), (8,3), (8,2), (8,4), (6,5), (5,5), (7,5), (9,4), (8,5), (9,3), (9,5), (7,6), (8,6), (9,2), (5,6), (9,6), (10,6), (8,7), (7,7), (9,7), (10,3), (6,7), (11,6), (10,7), (11,5), (11,7), (8,8), (6,0), (7,0), (7,8), (12,7), (12,8), (3,2), (3,1), (4,0), (4,5), (10,1), (13,8), (12,9), (11,9), (13,7), (11,3), (11,2), (11,4), (8,9), (9,9), (13,6), (4,6), (6,9), (12,10), (11,10), (13,10), (12,4), (12,3), (10,9), (9,10), (8,10), (10,10), (10,11), (5,7), (4,7), (12,11), (13,11), (13,3), (3,0), (5,8), (7,11), (11,12), (8,0), (4,8), (13,12), (11,13), (12,13), (3,5), (3,4), (3,6), (11,1), (11,0), (13,13), (13,14), (14,8), (14,9), (12,1), (5,9), (4,9), (10,14), (14,6), (3,7), (6,10), (5,10), (14,10), (12,0), (14,12), (13,1), (6,11), (5,11), (6,12), (8,12), (4,11), (2,0), (14,3), (14,4), (3,9), (14,13), (5,12), (8,13), (7,13), (9,13), (14,5), (2,6), (2,5), (14,14), (13,15), (12,15), (14,15), (9,14), (8,14), (15,9), (15,8), (15,10), (10,15), (9,15), (11,15), (5,13), (7,14), (12,16), (11,16), (13,16), (2,8), (6,14), (14,16), (8,15), (15,11), (7,15), (9,16)
Nodos inspeccionados (114): (5,2), (6,3), (6,2), (7,3), (6,4), (7,2), (8,4), (7,5), (8,3), (6,5), (9,5), (8,6), (8,2), (9,4), (8,5), (7,6), (10,6), (9,7), (6,1), (9,3), (9,6), (8,7), (11,7), (4,2), (5,1), (5,4), (9,2), (7,7), (11,6), (10,7), (12,8), (10,3), (8,8), (12,7), (5,5), (7,8), (12,9), (11,4), (9,9), (11,3), (8,9), (10,10), (5,6), (11,5), (12,10), (12,4), (10,9), (9,10), (4,1), (6,7), (11,10), (12,3), (8,10), (10,11), (7,0), (11,9), (5,7), (12,11), (11,12), (6,0), (4,5), (10,1), (12,13), (3,2), (13,8), (11,2), (5,8), (8,0), (11,13), (13,7), (4,6), (6,9), (13,10), (11,1), (5,9), (4,7), (13,11), (12,1), (6,10), (7,11), (5,10), (3,1), (4,0), (13,3), (4,8), (13,12), (6,11), (8,12), (13,6), (3,6), (11,0), (13,14), (5,11), (9,13), (3,5), (13,13), (14,9), (4,9), (10,14), (6,12), (8,13), (12,15), (14,8), (3,7), (12,0), (5,12), (7,13), (13,15), (9,14), (11,15), (14,10), (8,14), (10,15), (12,16)
|00000‚Ėą‚Ėą00‚Ėą0‚Ėą0‚Ėą‚Ėą‚Ėą0|
|00000000000000000|
|0‚Ėą‚Ėą‚Ėą‚Ėą00‚Ėą00000000‚Ėą|
|000‚Ėą0000‚Ėą0‚Ėą‚Ėą000‚Ėą0|
|S00‚Ėą‚Ėą00000‚Ėą0‚Ėą‚Ėą0‚Ėą‚Ėą|
|‚Ėą++‚Ėą0000000000‚Ėą00|
|000**0‚Ėą0‚Ėą0000‚Ėą000|
|0‚Ėą00‚Ėą*000‚Ėą‚Ėą0‚Ėą0000|
|0‚Ėą0000***00‚Ėą00000|
|‚Ėą‚Ėą000000‚Ėą*0‚Ėą‚Ėą0000|
|‚Ėą0‚Ėą0‚Ėą‚Ėą00‚Ėą0**‚Ėą‚Ėą00‚Ėą|
|00000000‚Ėą00‚Ėą*0‚Ėą00|
|00‚Ėą00‚Ėą‚Ėą00000‚Ėą*‚Ėą**|
|‚Ėą0‚Ėą0‚Ėą‚Ėą000‚Ėą0000*00|
|‚Ėą0‚Ėą0000‚Ėą000‚Ėą00000|
|‚Ėą000000‚Ėą000000000|
|00000000000000000|
Camino encontrado: (5,2) -> (6,3) -> (6,4) -> (7,5) -> (8,6) -> (8,7) -> (8,8) -> (9,9) -> (10,10) -> (10,11) -> (11,12) -> (12,13) -> (13,14) -> (12,15) -> (12,16)

=== INFORMACI√ďN DEL CAMINO ENCONTRADO ===
Iteraci√≥n: 4
Reintentos: 0
Coste del camino: 80
Nodos generados en esta iteraci√≥n: 132
Nodos inspeccionados en esta iteraci√≥n: 90
N√ļmero de pasos del camino: 14
Proporci√≥n media de paredes: 0.252595

Nodos generados (132): (5,3), (7,3), (6,2), (6,4), (5,2), (5,4), (7,4), (8,4), (8,3), (5,5), (9,3), (9,5), (9,2), (9,6), (10,4), (10,6), (10,7), (9,7), (11,5), (10,3), (10,2), (8,7), (4,5), (11,4), (11,3), (9,8), (4,2), (6,1), (5,1), (7,1), (8,8), (11,2), (5,6), (4,6), (12,3), (12,2), (9,9), (8,9), (10,9), (9,1), (10,1), (4,7), (6,7), (9,10), (11,10), (13,3), (13,2), (13,4), (8,10), (7,7), (7,6), (7,8), (12,10), (10,11), (12,9), (12,11), (4,1), (6,9), (13,11), (12,12), (11,12), (13,10), (13,12), (3,5), (3,6), (7,10), (9,11), (8,11), (13,9), (7,0), (6,0), (8,0), (12,1), (12,13), (11,13), (13,13), (5,0), (3,7), (7,11), (8,12), (13,1), (11,14), (10,0), (9,0), (11,0), (4,8), (3,8), (7,12), (14,4), (13,5), (14,3), (14,5), (12,8), (13,8), (5,9), (6,10), (5,10), (14,11), (14,13), (8,13), (7,13), (9,13), (11,15), (12,15), (4,9), (3,9), (3,2), (3,1), (4,0), (2,5), (6,11), (13,6), (9,14), (8,14), (13,15), (12,16), (11,16), (13,16), (14,9), (12,0), (13,0), (14,14), (5,11), (10,16), (3,10), (2,8), (6,12), (4,11), (13,7), (14,7), (9,15), (8,15)
Nodos inspeccionados (90): (6,3), (7,4), (7,3), (6,4), (8,4), (8,3), (9,5), (10,6), (9,3), (9,6), (5,4), (10,4), (10,7), (5,3), (6,2), (9,7), (11,5), (10,3), (5,5), (11,4), (11,3), (9,8), (9,2), (5,6), (10,9), (12,3), (9,9), (6,7), (11,10), (5,2), (10,2), (8,7), (7,8), (12,11), (4,5), (8,9), (9,10), (7,7), (12,10), (7,1), (8,8), (11,2), (10,11), (12,12), (6,1), (4,6), (8,10), (11,12), (9,11), (12,2), (12,13), (10,1), (4,7), (8,11), (11,13), (9,1), (13,4), (7,6), (12,9), (13,3), (6,9), (13,12), (8,12), (11,14), (4,8), (4,2), (5,1), (13,11), (3,6), (7,10), (13,5), (5,9), (9,13), (12,15), (13,10), (3,5), (8,0), (12,1), (13,13), (6,10), (8,13), (11,15), (4,9), (7,0), (3,7), (7,11), (5,10), (13,6), (9,14), (12,16)
|000‚Ėą00‚Ėą00000‚Ėą‚Ėą‚Ėą‚Ėą0|
|0‚Ėą000000000000‚Ėą0‚Ėą|
|0‚Ėą00‚Ėą0‚Ėą‚Ėą00‚Ėą‚Ėą0000‚Ėą|
|000‚Ėą‚Ėą000000‚Ėą000‚Ėą0|
|S00‚Ėą‚Ėą00000‚Ėą0‚Ėą00‚Ėą0|
|0++0000‚Ėą‚Ėą00000‚Ėą00|
|000+0‚Ėą‚Ėą0‚Ėą00000000|
|00‚Ėą0*‚Ėą000‚Ėą0000‚Ėą00|
|0‚Ėą‚Ėą0*‚Ėą‚Ėą0000000000|
|0000‚Ėą******0‚Ėą0000|
|00000‚Ėą00‚Ėą0‚Ėą*‚Ėą‚Ėą‚Ėą‚Ėą0|
|0‚Ėą0000‚Ėą‚Ėą‚Ėą‚Ėą0‚Ėą***00|
|0000‚Ėą‚Ėą‚Ėą‚Ėą000000‚Ėą**|
|00000000000000‚Ėą00|
|‚Ėą0‚Ėą000‚Ėą000‚Ėą0‚Ėą0000|
|‚Ėą00‚Ėą00‚Ėą‚Ėą000‚Ėą00‚Ėą0‚Ėą|
|000000‚Ėą0000000000|
Camino encontrado: (6,3) -> (7,4) -> (8,4) -> (9,5) -> (9,6) -> (9,7) -> (9,8) -> (9,9) -> (9,10) -> (10,11) -> (11,12) -> (11,13) -> (11,14) -> (12,15) -> (12,16)

=== INFORMACI√ďN DEL CAMINO ENCONTRADO ===
Iteraci√≥n: 5
Reintentos: 0
Coste del camino: 73
Nodos generados en esta iteraci√≥n: 86
Nodos inspeccionados en esta iteraci√≥n: 60
N√ļmero de pasos del camino: 13
Proporci√≥n media de paredes: 0.256055

Nodos generados (86): (6,4), (8,4), (7,3), (6,3), (8,3), (9,3), (9,5), (10,5), (9,6), (10,4), (11,5), (11,4), (9,7), (8,7), (10,7), (10,8), (9,8), (11,8), (8,2), (12,4), (8,8), (12,8), (11,9), (12,9), (5,4), (5,3), (5,5), (9,9), (13,9), (12,10), (13,8), (13,10), (10,3), (10,2), (13,7), (10,10), (12,11), (13,11), (9,10), (8,10), (12,3), (7,7), (7,6), (7,8), (9,11), (12,12), (11,12), (13,12), (5,2), (8,11), (13,5), (7,9), (12,13), (11,13), (7,1), (5,6), (6,6), (14,9), (14,11), (14,8), (10,1), (12,14), (11,14), (14,7), (4,7), (7,10), (7,11), (12,15), (11,15), (13,15), (12,2), (13,2), (6,9), (14,13), (7,12), (12,16), (11,16), (13,16), (4,2), (14,5), (13,6), (14,4), (14,6), (6,10), (15,10), (15,12)
Nodos inspeccionados (60): (7,4), (8,4), (9,5), (10,5), (9,6), (10,7), (8,3), (11,5), (9,7), (11,8), (6,4), (7,3), (10,8), (12,9), (9,3), (9,8), (12,8), (11,9), (10,4), (12,10), (9,9), (10,3), (11,4), (8,7), (10,10), (12,11), (6,3), (9,10), (12,4), (8,8), (12,12), (8,2), (5,5), (13,10), (9,11), (5,4), (13,9), (10,2), (12,13), (6,6), (13,8), (13,11), (7,7), (5,6), (8,10), (7,6), (12,14), (12,3), (7,8), (11,12), (13,12), (8,11), (12,15), (5,3), (13,5), (7,9), (11,13), (13,7), (14,11), (12,16)
|000‚Ėą‚Ėą0‚Ėą000000‚Ėą000|
|000000‚Ėą‚Ėą000000‚Ėą0‚Ėą|
|0‚Ėą00000000‚Ėą‚Ėą00000|
|000‚Ėą‚Ėą00‚Ėą000‚Ėą0‚Ėą0‚Ėą0|
|S00‚Ėą‚Ėą‚Ėą‚Ėą00000‚Ėą00‚Ėą0|
|0++0000‚Ėą00‚Ėą000000|
|00‚Ėą+0‚Ėą0‚Ėą‚Ėą00000000|
|00‚Ėą0+‚Ėą00000000000|
|0‚Ėą00*‚Ėą‚Ėą00‚Ėą00‚Ėą0000|
|0‚Ėą‚Ėą0‚Ėą**00000‚Ėą0000|
|000000‚Ėą*0‚Ėą0‚Ėą‚Ėą‚Ėą‚Ėą‚Ėą0|
|0‚Ėą‚Ėą‚Ėą00‚Ėą‚Ėą*0‚Ėą‚Ėą00000|
|00000‚Ėą‚Ėą‚Ėą0********|
|000‚Ėą‚Ėą00000000‚Ėą‚Ėą00|
|‚Ėą‚Ėą00000000‚Ėą0‚Ėą0000|
|‚Ėą0‚Ėą0‚Ėą0‚Ėą0000‚Ėą0000‚Ėą|
|‚Ėą00000‚Ėą0‚Ėą00000000|
Camino encontrado: (7,4) -> (8,4) -> (9,5) -> (9,6) -> (10,7) -> (11,8) -> (12,9) -> (12,10) -> (12,11) -> (12,12) -> (12,13) -> (12,14) -> (12,15) -> (12,16)

=== INFORMACI√ďN DEL CAMINO ENCONTRADO ===
Iteraci√≥n: 6
Reintentos: 0
Coste del camino: 72
Nodos generados en esta iteraci√≥n: 112
Nodos inspeccionados en esta iteraci√≥n: 82
N√ļmero de pasos del camino: 12
Proporci√≥n media de paredes: 0.224913

Nodos generados (112): (7,4), (8,3), (7,3), (9,3), (9,5), (10,5), (8,6), (10,4), (11,5), (11,4), (12,5), (12,4), (12,6), (13,6), (11,7), (13,5), (13,7), (10,3), (10,2), (6,4), (6,3), (7,6), (8,7), (7,7), (9,7), (11,3), (11,2), (10,7), (8,8), (10,8), (12,3), (7,8), (11,8), (10,9), (9,9), (11,9), (12,2), (10,10), (12,8), (12,10), (13,3), (8,9), (7,9), (13,10), (12,11), (13,9), (13,11), (14,6), (14,8), (13,2), (8,10), (14,5), (9,1), (10,11), (9,11), (7,10), (12,12), (11,12), (13,12), (14,4), (6,6), (6,8), (5,4), (5,3), (5,5), (8,11), (7,11), (9,12), (12,13), (11,13), (13,13), (6,9), (8,12), (10,13), (13,1), (12,14), (11,14), (13,14), (14,11), (14,10), (9,13), (8,13), (14,9), (15,7), (15,9), (7,13), (9,14), (11,15), (5,2), (14,3), (6,11), (14,13), (10,15), (8,14), (15,5), (5,8), (5,7), (5,9), (7,14), (15,10), (15,4), (4,5), (5,6), (6,12), (14,14), (9,15), (8,15), (11,16), (10,16), (12,16), (15,11), (9,16)
Nodos inspeccionados (82): (8,4), (9,5), (10,5), (11,5), (12,6), (9,3), (12,5), (7,4), (8,3), (8,6), (10,4), (10,3), (9,7), (11,4), (8,7), (10,8), (11,3), (10,7), (11,9), (12,4), (8,8), (11,8), (10,9), (12,10), (7,3), (11,7), (13,7), (12,3), (9,9), (13,6), (10,2), (10,10), (12,8), (8,9), (12,11), (13,5), (7,7), (6,4), (7,6), (11,2), (8,10), (10,11), (12,12), (7,8), (9,11), (11,12), (12,2), (8,11), (12,13), (7,9), (13,11), (9,12), (11,13), (13,10), (14,8), (8,12), (10,13), (12,14), (6,3), (13,3), (13,9), (7,10), (13,12), (11,14), (9,13), (14,6), (6,8), (8,13), (14,9), (14,5), (5,5), (7,11), (13,13), (9,14), (11,15), (6,6), (5,4), (6,9), (14,10), (10,15), (8,14), (12,16)
|0000‚Ėą000‚Ėą00000000|
|00000000‚Ėą000‚Ėą0000|
|0000000‚Ėą000‚Ėą00000|
|000‚Ėą‚Ėą00‚Ėą00‚Ėą‚Ėą000‚Ėą‚Ėą|
|S00‚Ėą‚Ėą0‚Ėą0‚Ėą000000‚Ėą0|
|0++0000000‚Ėą‚Ėą00000|
|0‚Ėą‚Ėą+0‚Ėą0‚Ėą00‚Ėą00000‚Ėą|
|00‚Ėą0+‚Ėą000000‚Ėą00‚Ėą0|
|00‚Ėą0+‚Ėą*0000000000|
|00‚Ėą0‚Ėą*‚Ėą*‚Ėą0‚Ėą000000|
|0‚Ėą0000‚Ėą0****‚Ėą0‚Ėą00|
|0‚Ėą0000‚Ėą000‚Ėą‚Ėą****0|
|0‚Ėą00000‚Ėą0‚Ėą00000‚Ėą*|
|0000‚Ėą000‚Ėą000000‚Ėą0|
|0‚Ėą‚Ėą0000‚Ėą0000‚Ėą0000|
|‚Ėą0‚Ėą000‚Ėą0‚Ėą0000‚Ėą000|
|0000000‚Ėą0000‚Ėą‚Ėą0‚Ėą0|
Camino encontrado: (8,4) -> (9,5) -> (8,6) -> (9,7) -> (10,8) -> (10,9) -> (10,10) -> (10,11) -> (11,12) -> (11,13) -> (11,14) -> (11,15) -> (12,16)

=== INFORMACI√ďN DEL CAMINO ENCONTRADO ===
Iteraci√≥n: 7
Reintentos: 0
Coste del camino: 65
Nodos generados en esta iteraci√≥n: 94
Nodos inspeccionados en esta iteraci√≥n: 64
N√ļmero de pasos del camino: 11
Proporci√≥n media de paredes: 0.256055

Nodos generados (94): (9,4), (8,4), (8,6), (10,4), (7,6), (8,7), (7,7), (9,7), (11,4), (10,3), (9,3), (11,3), (8,3), (10,7), (9,8), (8,8), (10,8), (12,4), (12,5), (11,8), (10,9), (11,7), (8,9), (13,5), (12,6), (13,4), (13,6), (7,9), (13,3), (12,8), (12,9), (10,10), (13,7), (13,9), (12,10), (13,10), (7,4), (7,3), (8,10), (7,10), (10,11), (11,11), (6,7), (6,6), (11,2), (12,2), (12,11), (13,11), (11,12), (10,12), (12,12), (9,2), (8,11), (9,12), (12,13), (11,13), (13,13), (10,13), (14,6), (14,5), (8,12), (7,12), (12,14), (11,14), (13,14), (6,9), (8,13), (10,14), (14,3), (14,8), (14,10), (14,11), (7,13), (12,15), (11,15), (6,11), (6,4), (6,3), (13,2), (11,1), (13,1), (14,12), (7,14), (9,15), (12,16), (11,16), (13,16), (5,7), (5,6), (5,8), (14,13), (14,14), (10,16), (5,5)
Nodos inspeccionados (64): (9,5), (8,6), (10,4), (9,4), (9,7), (8,7), (11,4), (10,8), (10,7), (9,8), (12,5), (8,8), (12,4), (11,8), (10,9), (11,7), (12,6), (12,9), (8,4), (8,9), (12,8), (10,10), (7,7), (11,3), (12,10), (11,11), (7,6), (10,3), (8,10), (10,11), (12,12), (9,3), (12,11), (11,12), (13,6), (10,12), (8,11), (12,13), (13,5), (7,9), (9,12), (11,13), (13,4), (13,7), (13,10), (10,13), (8,12), (12,14), (13,9), (7,10), (11,14), (8,3), (7,4), (12,2), (13,11), (8,13), (10,14), (12,15), (6,7), (11,2), (13,13), (11,15), (6,6), (12,16)
|0‚Ėą000000‚Ėą00000000|
|000‚Ėą0‚Ėą‚Ėą0‚Ėą00000000|
|0000‚Ėą00‚Ėą0‚Ėą0‚Ėą‚Ėą0000|
|000‚Ėą000000‚Ėą000000|
|S00‚Ėą0‚Ėą‚Ėą0‚Ėą‚Ėą0000000|
|0++0‚Ėą00000‚Ėą000‚Ėą00|
|0‚Ėą‚Ėą+0‚Ėą00‚Ėą0‚Ėą0000‚Ėą‚Ėą|
|0‚Ėą‚Ėą0+‚Ėą00‚Ėą00‚Ėą00000|
|0‚Ėą‚Ėą0+‚Ėą*0000000‚Ėą0‚Ėą|
|00000+‚Ėą*0‚Ėą‚Ėą‚Ėą0‚Ėą‚Ėą0‚Ėą|
|0‚Ėą‚Ėą00‚Ėą‚Ėą0***0000‚Ėą0|
|00000‚Ėą‚Ėą00‚Ėą‚Ėą*00000|
|0‚Ėą0‚Ėą000‚Ėą0000*****|
|00000000‚Ėą000‚Ėą00‚Ėą0|
|‚Ėą000‚Ėą00‚Ėą0‚Ėą00000‚Ėą0|
|‚Ėą0‚Ėą00000‚Ėą0000‚Ėą000|
|00‚Ėą0000‚Ėą‚Ėą000‚Ėą‚Ėą000|
Camino encontrado: (9,5) -> (8,6) -> (9,7) -> (10,8) -> (10,9) -> (10,10) -> (11,11) -> (12,12) -> (12,13) -> (12,14) -> (12,15) -> (12,16)

=== INFORMACI√ďN DEL CAMINO ENCONTRADO ===
Iteraci√≥n: 8
Reintentos: 0
Coste del camino: 58
Nodos generados en esta iteraci√≥n: 72
Nodos inspeccionados en esta iteraci√≥n: 48
N√ļmero de pasos del camino: 10
Proporci√≥n media de paredes: 0.228374

Nodos generados (72): (7,6), (9,6), (8,5), (8,7), (7,5), (7,7), (9,5), (9,7), (10,7), (9,8), (8,8), (10,5), (7,8), (11,7), (11,8), (9,9), (8,9), (10,9), (7,9), (12,8), (12,9), (10,10), (11,10), (13,9), (13,10), (11,11), (10,11), (12,11), (13,7), (9,11), (13,11), (11,12), (6,7), (6,6), (9,4), (8,4), (7,4), (9,12), (11,5), (11,4), (6,9), (11,13), (12,13), (13,13), (12,14), (11,14), (6,10), (12,5), (14,10), (12,15), (11,15), (13,15), (14,8), (8,11), (8,12), (13,5), (13,4), (13,6), (14,12), (12,16), (11,16), (13,16), (5,7), (5,6), (5,8), (9,3), (8,3), (8,13), (10,16), (7,3), (11,3), (5,9)
Nodos inspeccionados (48): (8,6), (9,7), (9,6), (8,7), (10,7), (9,8), (8,8), (11,8), (10,9), (11,7), (9,9), (12,9), (11,10), (8,9), (12,8), (10,10), (12,11), (7,7), (9,5), (11,11), (7,6), (8,5), (10,11), (10,5), (7,8), (11,12), (12,13), (7,9), (11,5), (11,13), (13,10), (12,14), (7,5), (13,9), (9,11), (11,14), (12,5), (13,11), (12,15), (6,7), (9,4), (9,12), (11,15), (6,6), (8,4), (11,4), (6,9), (12,16)
|0000‚Ėą‚Ėą00‚Ėą00000000|
|‚Ėą0000‚Ėą000000‚Ėą0000|
|000‚Ėą0000000‚Ėą00‚Ėą‚Ėą0|
|000‚Ėą‚Ėą0000000‚Ėą0000|
|S‚Ėą000‚Ėą00‚Ėą00000000|
|0++00‚Ėą0000‚Ėą0‚Ėą0‚Ėą‚Ėą0|
|000+‚Ėą‚Ėą00‚Ėą0000‚Ėą0‚Ėą‚Ėą|
|00‚Ėą0+00000‚Ėą0000‚Ėą0|
|0000+0+000‚Ėą000000|
|00000+0**0‚Ėą00‚Ėą‚Ėą00|
|000‚Ėą‚Ėą0‚Ėą0‚Ėą*00‚Ėą‚Ėą‚Ėą‚Ėą0|
|000000‚Ėą00‚Ėą***0000|
|0‚Ėą0‚Ėą‚Ėą0‚Ėą‚Ėą00‚Ėą0‚Ėą****|
|00000000‚Ėą000‚Ėą0‚Ėą00|
|00000‚Ėą0‚Ėą0‚Ėą0‚Ėą000‚Ėą0|
|00000000‚Ėą0000‚Ėą0‚Ėą0|
|‚Ėą000‚Ėą000‚Ėą0000‚Ėą000|
Camino encontrado: (8,6) -> (9,7) -> (9,8) -> (10,9) -> (11,10) -> (11,11) -> (11,12) -> (12,13) -> (12,14) -> (12,15) -> (12,16)

=== INFORMACI√ďN DEL CAMINO ENCONTRADO ===
Iteraci√≥n: 9
Reintentos: 0
Coste del camino: 51
Nodos generados en esta iteraci√≥n: 59
Nodos inspeccionados en esta iteraci√≥n: 37
N√ļmero de pasos del camino: 9
Proporci√≥n media de paredes: 0.235294

Nodos generados (59): (10,7), (9,6), (9,8), (8,6), (11,7), (11,8), (9,9), (8,9), (10,9), (12,8), (12,9), (10,10), (9,10), (11,10), (12,6), (13,9), (13,8), (13,10), (11,11), (10,11), (12,11), (9,11), (13,11), (11,12), (13,12), (8,11), (10,12), (9,5), (8,5), (10,5), (11,13), (12,13), (7,8), (13,13), (12,14), (11,14), (12,5), (11,5), (13,5), (14,10), (14,9), (12,15), (11,15), (13,15), (14,8), (14,12), (14,13), (10,15), (7,5), (7,7), (7,11), (7,12), (12,16), (11,16), (13,16), (14,14), (10,16), (9,4), (11,4)
Nodos inspeccionados (37): (9,7), (10,7), (9,8), (11,8), (10,9), (11,7), (9,9), (12,9), (11,10), (12,8), (10,10), (12,11), (9,10), (11,11), (10,11), (9,6), (9,11), (11,12), (8,9), (10,12), (12,13), (11,13), (12,6), (13,10), (12,14), (13,9), (13,12), (11,14), (8,6), (13,8), (13,11), (8,11), (12,15), (13,13), (11,15), (10,5), (12,16)
|‚Ėą0000000‚Ėą00000000|
|000000‚Ėą00‚Ėą‚Ėą0‚Ėą‚Ėą000|
|0‚Ėą0‚Ėą000‚Ėą000000000|
|000‚Ėą00‚Ėą00‚Ėą00‚Ėą‚Ėą‚Ėą0‚Ėą|
|S00000000000‚Ėą00‚Ėą0|
|0++00‚Ėą0000000‚Ėą000|
|00‚Ėą+‚Ėą00‚Ėą00000‚Ėą0‚Ėą‚Ėą|
|‚Ėą000+0‚Ėą00‚Ėą‚Ėą000000|
|00‚Ėą‚Ėą+0+‚Ėą‚Ėą0‚Ėą0‚Ėą0000|
|00000+0+*000‚Ėą‚Ėą‚Ėą00|
|00‚Ėą0‚Ėą0‚Ėą0‚Ėą*000‚Ėą‚Ėą00|
|000000‚Ėą00‚Ėą***0000|
|000‚Ėą‚Ėą00‚Ėą00‚Ėą0‚Ėą****|
|00‚Ėą000‚Ėą‚Ėą000000‚Ėą00|
|0000‚Ėą00‚Ėą000‚Ėą000‚Ėą0|
|00‚Ėą0000000‚Ėą0‚Ėą0000|
|00000‚Ėą00‚Ėą00‚Ėą000‚Ėą0|
Camino encontrado: (9,7) -> (9,8) -> (10,9) -> (11,10) -> (11,11) -> (11,12) -> (12,13) -> (12,14) -> (12,15) -> (12,16)

=== INFORMACI√ďN DEL CAMINO ENCONTRADO ===
Iteraci√≥n: 10
Reintentos: 0
Coste del camino: 50
Nodos generados en esta iteraci√≥n: 61
Nodos inspeccionados en esta iteraci√≥n: 38
N√ļmero de pasos del camino: 8
Proporci√≥n media de paredes: 0.207612

Nodos generados (61): (10,8), (9,7), (9,9), (8,7), (10,7), (10,9), (11,9), (10,10), (9,10), (11,8), (11,10), (8,10), (12,10), (11,11), (10,11), (12,9), (12,11), (9,11), (13,11), (12,12), (13,10), (13,12), (8,11), (12,7), (13,9), (10,12), (9,12), (13,8), (13,13), (8,12), (10,6), (9,6), (11,6), (8,6), (14,13), (13,7), (12,6), (13,6), (14,9), (12,14), (14,14), (7,7), (7,6), (7,8), (14,8), (7,13), (11,14), (12,15), (11,15), (13,15), (11,5), (10,5), (12,5), (9,5), (12,16), (11,16), (13,16), (8,5), (13,5), (15,13), (15,14)
Nodos inspeccionados (38): (9,8), (10,9), (10,8), (9,9), (11,10), (11,9), (10,10), (12,11), (9,10), (11,8), (12,10), (11,11), (10,11), (12,9), (12,12), (9,11), (10,7), (10,12), (9,7), (9,12), (8,10), (13,12), (13,11), (8,11), (12,7), (13,10), (13,13), (8,7), (13,9), (8,12), (12,14), (11,6), (10,6), (12,15), (9,6), (12,6), (14,13), (12,16)
|‚Ėą00000000‚Ėą0000000|
|000‚Ėą000000‚Ėą00‚Ėą000|
|00000000000000000|
|000‚Ėą0‚Ėą‚Ėą00000‚Ėą‚Ėą000|
|S0‚Ėą0000‚Ėą000‚Ėą000‚Ėą0|
|0++0000000‚Ėą000000|
|0‚Ėą‚Ėą+000000000000‚Ėą|
|0‚Ėą‚Ėą0+0000‚Ėą‚Ėą‚Ėą‚Ėą00‚Ėą0|
|0‚Ėą‚Ėą0+0+0‚Ėą‚Ėą000‚Ėą00‚Ėą|
|00‚Ėą0‚Ėą+0++0000‚Ėą000|
|0‚Ėą‚Ėą‚Ėą00000*000‚Ėą‚Ėą00|
|0000000‚Ėą00*0‚Ėą‚Ėą000|
|000‚Ėą0000‚Ėą00**‚Ėą***|
|0‚Ėą‚Ėą0000000000*‚Ėą00|
|0000‚Ėą00000‚Ėą‚Ėą‚Ėą0000|
|0000000000‚Ėą‚Ėą‚Ėą0000|
|00‚Ėą00‚Ėą00‚Ėą00‚Ėą‚Ėą0000|
Camino encontrado: (9,8) -> (10,9) -> (11,10) -> (12,11) -> (12,12) -> (13,13) -> (12,14) -> (12,15) -> (12,16)

=== INFORMACI√ďN DEL CAMINO ENCONTRADO ===
Iteraci√≥n: 11
Reintentos: 0
Coste del camino: 43
Nodos generados en esta iteraci√≥n: 51
Nodos inspeccionados en esta iteraci√≥n: 29
N√ļmero de pasos del camino: 7
Proporci√≥n media de paredes: 0.238754

Nodos generados (51): (9,9), (11,9), (9,8), (9,10), (11,8), (12,9), (12,8), (12,10), (13,10), (12,11), (11,11), (13,9), (13,11), (13,8), (12,12), (13,12), (8,10), (9,11), (8,9), (10,11), (10,7), (12,7), (11,13), (13,13), (8,8), (10,12), (9,12), (13,7), (8,12), (14,10), (12,14), (8,13), (14,8), (14,13), (12,15), (13,15), (9,7), (8,7), (12,6), (11,6), (13,6), (14,14), (12,16), (11,16), (13,16), (7,10), (7,9), (7,11), (7,8), (7,12), (7,13)
Nodos inspeccionados (29): (10,9), (11,9), (12,10), (12,9), (12,11), (9,10), (11,8), (12,12), (9,9), (10,11), (12,8), (9,11), (11,11), (13,11), (10,12), (13,10), (11,13), (9,12), (13,9), (13,12), (12,14), (9,8), (12,7), (13,13), (12,15), (8,10), (8,9), (8,12), (12,16)
|‚Ėą0‚Ėą0‚Ėą00000000‚Ėą000|
|‚Ėą0‚Ėą000‚Ėą00‚Ėą‚Ėą0000‚Ėą‚Ėą|
|0000000000000‚Ėą000|
|000‚Ėą0‚Ėą‚Ėą‚Ėą000000000|
|S0000‚Ėą‚Ėą‚Ėą00000‚Ėą‚Ėą‚Ėą0|
|0++000‚Ėą0‚Ėą0‚Ėą0000‚Ėą0|
|0‚Ėą‚Ėą+0000000000000|
|00‚Ėą0+0‚Ėą0000000000|
|0‚Ėą‚Ėą0+0+0000‚Ėą000‚Ėą‚Ėą|
|‚Ėą00‚Ėą‚Ėą+0++0*00‚Ėą000|
|00‚Ėą‚Ėą0‚Ėą00‚Ėą+‚Ėą**‚Ėą‚Ėą0‚Ėą|
|000‚Ėą000‚Ėą00‚Ėą0‚Ėą*‚Ėą‚Ėą0|
|000‚Ėą000000000‚Ėą***|
|00000000000000‚Ėą00|
|0‚Ėą00‚Ėą0000‚Ėą0‚Ėą‚Ėą0000|
|00000‚Ėą00000‚Ėą‚Ėą0‚Ėą‚Ėą0|
|00‚Ėą00000‚Ėą‚Ėą0000000|
Camino encontrado: (10,9) -> (9,10) -> (10,11) -> (10,12) -> (11,13) -> (12,14) -> (12,15) -> (12,16)

=== INFORMACI√ďN DEL CAMINO ENCONTRADO ===
Iteraci√≥n: 12
Reintentos: 0
Coste del camino: 36
Nodos generados en esta iteraci√≥n: 34
Nodos inspeccionados en esta iteraci√≥n: 19
N√ļmero de pasos del camino: 6
Proporci√≥n media de paredes: 0.249135

Nodos generados (34): (8,10), (9,11), (8,9), (10,9), (10,11), (11,11), (10,12), (9,12), (11,10), (11,12), (8,12), (12,12), (11,13), (12,11), (12,13), (13,13), (12,14), (13,12), (13,11), (13,10), (12,15), (11,15), (13,15), (11,9), (10,8), (9,8), (11,8), (12,16), (13,16), (7,10), (7,9), (7,11), (7,12), (12,8)
Nodos inspeccionados (19): (9,10), (10,11), (9,11), (11,12), (11,11), (10,12), (12,13), (9,12), (12,12), (11,13), (12,11), (12,14), (10,9), (12,15), (8,10), (11,10), (8,12), (11,9), (12,16)
|00‚Ėą00000000000‚Ėą00|
|00000‚Ėą‚Ėą‚Ėą0‚Ėą‚Ėą‚Ėą000‚Ėą0|
|0‚Ėą‚Ėą00000‚Ėą‚Ėą000‚Ėą00‚Ėą|
|00000‚Ėą0‚Ėą000‚Ėą00000|
|S0‚Ėą000‚Ėą‚Ėą00000‚Ėą0‚Ėą‚Ėą|
|0++0‚Ėą00‚Ėą0000000‚Ėą‚Ėą|
|0‚Ėą0+00000‚Ėą‚Ėą00‚Ėą‚Ėą00|
|00‚Ėą0+00‚Ėą00000‚Ėą000|
|00‚Ėą0+‚Ėą+0000‚Ėą0‚Ėą0‚Ėą‚Ėą|
|‚Ėą00‚Ėą‚Ėą+0++‚Ėą+00‚Ėą000|
|‚Ėą0‚Ėą‚Ėą00000+‚Ėą*0‚Ėą‚Ėą00|
|000000000000*0‚Ėą0‚Ėą|
|000000000‚Ėą‚Ėą00****|
|0‚Ėą000000‚Ėą00000‚Ėą00|
|0000‚Ėą000‚Ėą00‚Ėą‚Ėą‚Ėą00‚Ėą|
|000‚Ėą‚Ėą000000‚Ėą00‚Ėą0‚Ėą|
|000000000000000‚Ėą0|
Camino encontrado: (9,10) -> (10,11) -> (11,12) -> (12,13) -> (12,14) -> (12,15) -> (12,16)

=== INFORMACI√ďN DEL CAMINO ENCONTRADO ===
Iteraci√≥n: 13
Reintentos: 0
Coste del camino: 29
Nodos generados en esta iteraci√≥n: 30
Nodos inspeccionados en esta iteraci√≥n: 15
N√ļmero de pasos del camino: 5
Proporci√≥n media de paredes: 0.259516

Nodos generados (30): (9,11), (11,11), (10,10), (10,12), (9,10), (9,12), (12,11), (12,10), (12,12), (9,13), (11,13), (13,12), (12,13), (13,11), (13,13), (11,14), (12,14), (13,10), (12,15), (11,15), (13,15), (10,15), (12,16), (13,16), (8,11), (10,16), (8,10), (10,9), (9,9), (11,9)
Nodos inspeccionados (15): (10,11), (11,11), (10,12), (12,12), (11,13), (12,11), (12,14), (12,13), (11,14), (12,15), (9,12), (11,15), (9,11), (10,10), (12,16)
|0‚Ėą‚Ėą000‚Ėą00‚Ėą0000000|
|‚Ėą00000‚Ėą000‚Ėą‚Ėą000‚Ėą0|
|0‚Ėą‚Ėą0000‚Ėą00‚Ėą000000|
|0000000‚Ėą‚Ėą‚Ėą‚Ėą‚Ėą0000‚Ėą|
|S0‚Ėą0000‚Ėą‚Ėą0000‚Ėą0‚Ėą0|
|0++0‚Ėą00‚Ėą0000000‚Ėą‚Ėą|
|0‚Ėą0+0000‚Ėą‚Ėą‚Ėą‚Ėą0‚Ėą000|
|‚Ėą000+0000000‚Ėą000‚Ėą|
|00‚Ėą0+‚Ėą+0‚Ėą000‚Ėą‚Ėą0‚Ėą0|
|00‚Ėą‚Ėą‚Ėą+0++0+000000|
|‚Ėą00000‚Ėą00+0+*‚Ėą‚Ėą00|
|0000000000‚Ėą0‚Ėą*00‚Ėą|
|000000000‚Ėą0000***|
|0‚Ėą000000000000‚Ėą00|
|0‚Ėą‚Ėą0‚Ėą‚Ėą00‚Ėą00‚Ėą‚Ėą‚Ėą00‚Ėą|
|000‚Ėą0‚Ėą00000000‚Ėą‚Ėą‚Ėą|
|‚Ėą‚Ėą0‚Ėą00000‚Ėą00000‚Ėą0|
Camino encontrado: (10,11) -> (10,12) -> (11,13) -> (12,14) -> (12,15) -> (12,16)

=== INFORMACI√ďN DEL CAMINO ENCONTRADO ===
Iteraci√≥n: 14
Reintentos: 0
Coste del camino: 24
Nodos generados en esta iteraci√≥n: 22
Nodos inspeccionados en esta iteraci√≥n: 11
N√ļmero de pasos del camino: 4
Proporci√≥n media de paredes: 0.235294

Nodos generados (22): (9,12), (11,12), (10,11), (10,13), (9,11), (9,13), (11,11), (11,13), (12,13), (10,14), (12,14), (9,14), (12,15), (11,15), (13,13), (13,15), (13,12), (10,15), (12,16), (13,16), (10,16), (9,16)
Nodos inspeccionados (11): (10,12), (11,13), (11,12), (10,13), (12,14), (12,13), (10,14), (12,15), (11,15), (10,15), (12,16)
|00000000000000000|
|‚Ėą‚Ėą00000000‚Ėą000‚Ėą‚Ėą0|
|0‚Ėą‚Ėą000‚Ėą0‚Ėą000‚Ėą00‚Ėą0|
|000000‚Ėą‚Ėą‚Ėą‚Ėą‚Ėą‚Ėą00‚Ėą00|
|S0‚Ėą0000‚Ėą00000‚Ėą0‚Ėą0|
|0++00000‚Ėą00‚Ėą000‚Ėą0|
|000+‚Ėą‚Ėą000‚Ėą0000000|
|‚Ėą000+‚Ėą00‚Ėą0‚Ėą0‚Ėą0000|
|000‚Ėą+‚Ėą+0‚Ėą000‚Ėą0000|
|0000‚Ėą+0++0+0000‚Ėą0|
|0‚Ėą000‚Ėą0‚Ėą0+0++0000|
|00‚Ėą‚Ėą000‚Ėą0‚Ėą‚Ėą00*‚Ėą0‚Ėą|
|00000‚Ėą00000‚Ėą‚Ėą0***|
|0000000000‚Ėą000‚Ėą00|
|0000‚Ėą00‚Ėą000‚Ėą‚Ėą‚Ėą000|
|0000‚Ėą00‚Ėą0000‚Ėą0000|
|00‚Ėą0‚Ėą000‚Ėą‚Ėą00000‚Ėą‚Ėą|
Camino encontrado: (10,12) -> (11,13) -> (12,14) -> (12,15) -> (12,16)

=== INFORMACI√ďN DEL CAMINO ENCONTRADO ===
Iteraci√≥n: 15
Reintentos: 0
Coste del camino: 17
Nodos generados en esta iteraci√≥n: 15
Nodos inspeccionados en esta iteraci√≥n: 5
N√ļmero de pasos del camino: 3
Proporci√≥n media de paredes: 0.211073

Nodos generados (15): (10,13), (11,12), (11,14), (10,12), (10,14), (12,12), (12,14), (13,14), (12,15), (13,13), (13,15), (10,15), (12,16), (11,16), (13,16)
Nodos inspeccionados (5): (11,13), (12,14), (11,14), (12,15), (12,16)
|‚Ėą00‚Ėą0000000000000|
|00000000000000‚Ėą0‚Ėą|
|0‚Ėą‚Ėą000000000‚Ėą0000|
|‚Ėą00‚Ėą00‚Ėą00‚Ėą‚Ėą000000|
|S0‚Ėą0000‚Ėą00000‚Ėą000|
|0++000‚Ėą0‚Ėą‚Ėą0‚Ėą00000|
|00‚Ėą+‚Ėą‚Ėą000‚Ėą000000‚Ėą|
|‚Ėą00‚Ėą+0‚Ėą0‚Ėą‚Ėą00‚Ėą0000|
|0‚Ėą‚Ėą‚Ėą+0+0000000000|
|00000+‚Ėą++0+0‚Ėą0000|
|000000000+‚Ėą++0000|
|0‚Ėą‚Ėą‚Ėą00000‚Ėą‚Ėą00+0‚Ėą0|
|0000‚Ėą‚Ėą00000‚Ėą0‚Ėą***|
|0000000‚Ėą000000000|
|0000‚Ėą000000‚Ėą000‚Ėą0|
|00‚Ėą00‚Ėą‚Ėą‚Ėą000000‚Ėą00|
|000‚Ėą‚Ėą0‚Ėą0‚Ėą00000‚Ėą‚Ėą0|
Camino encontrado: (11,13) -> (12,14) -> (12,15) -> (12,16)

=== INFORMACI√ďN DEL CAMINO ENCONTRADO ===
Iteraci√≥n: 16
Reintentos: 0
Coste del camino: 14
Nodos generados en esta iteraci√≥n: 14
Nodos inspeccionados en esta iteraci√≥n: 6
N√ļmero de pasos del camino: 2
Proporci√≥n media de paredes: 0.256055

Nodos generados (14): (11,14), (13,14), (11,13), (11,15), (13,13), (13,15), (10,15), (10,14), (10,16), (12,16), (13,16), (14,16), (10,13), (14,13)
Nodos inspeccionados (6): (12,14), (11,15), (13,15), (11,14), (13,14), (12,16)
|‚Ėą00‚Ėą0000000000000|
|0‚Ėą0‚Ėą0000‚Ėą00000000|
|0‚Ėą00000‚Ėą0‚Ėą000000‚Ėą|
|‚Ėą0‚Ėą‚Ėą‚Ėą0‚Ėą00‚Ėą00‚Ėą00‚Ėą0|
|S0000000000‚Ėą0000‚Ėą|
|0++0‚Ėą000‚Ėą0000000‚Ėą|
|‚Ėą0‚Ėą+‚Ėą000000‚Ėą00000|
|‚Ėą00‚Ėą+000‚Ėą‚Ėą00‚Ėą00‚Ėą0|
|0‚Ėą‚Ėą‚Ėą+0+0000‚Ėą‚Ėą000‚Ėą|
|0‚Ėą000+‚Ėą++0+0‚Ėą‚Ėą‚Ėą00|
|0‚Ėą0000000+‚Ėą++0000|
|00‚Ėą‚Ėą00000‚Ėą‚Ėą00+0*‚Ėą|
|0000‚Ėą‚Ėą000000‚Ėą‚Ėą+‚Ėą*|
|‚Ėą0‚Ėą0‚Ėą00‚Ėą000000000|
|00‚Ėą0‚Ėą00‚Ėą000‚Ėą00‚Ėą‚Ėą0|
|00‚Ėą000‚Ėą0‚Ėą00000‚Ėą00|
|00‚Ėą‚Ėą‚Ėą0‚Ėą0‚Ėą00000000|
Camino encontrado: (12,14) -> (11,15) -> (12,16)

=== INFORMACI√ďN DEL CAMINO ENCONTRADO ===
Iteraci√≥n: 17
Reintentos: 0
Coste del camino: 7
Nodos generados en esta iteraci√≥n: 5
Nodos inspeccionados en esta iteraci√≥n: 2
N√ļmero de pasos del camino: 1
Proporci√≥n media de paredes: 0.224913

Nodos generados (5): (11,14), (10,14), (10,16), (12,14), (12,16)
Nodos inspeccionados (2): (11,15), (12,16)
|000‚Ėą‚Ėą000000000000|
|0000000000‚Ėą000000|
|0‚Ėą00000‚Ėą0‚Ėą000‚Ėą0‚Ėą‚Ėą|
|‚Ėą0‚Ėą0‚Ėą0‚Ėą00000‚Ėą0‚Ėą00|
|S0000000000‚Ėą0‚Ėą00‚Ėą|
|0++00000‚Ėą0‚Ėą000000|
|00‚Ėą+00‚Ėą0000000‚Ėą00|
|‚Ėą000+000‚Ėą00‚Ėą‚Ėą0000|
|00‚Ėą‚Ėą+0+000‚Ėą0‚Ėą00‚Ėą‚Ėą|
|0‚Ėą000+0++‚Ėą+00‚Ėą000|
|00000‚Ėą000+0++00‚Ėą0|
|00‚Ėą‚Ėą000000‚Ėą00+0+‚Ėą|
|00000000000‚Ėą‚Ėą‚Ėą+‚Ėą*|
|000‚Ėą0000‚Ėą0‚Ėą00‚Ėą000|
|000000‚Ėą000000‚Ėą‚Ėą0‚Ėą|
|00‚Ėą000‚Ėą0‚Ėą000000‚Ėą0|
|0‚Ėą‚Ėą‚Ėą00‚Ėą0000‚Ėą000‚Ėą‚Ėą|
Camino encontrado: (11,15) -> (12,16)
===============================================
Camino din√°mico encontrado

=== RESUMEN FINAL DEL CAMINO ===
Laberinto: 17x17
N√ļmero de filas: 17
N√ļmero de columnas: 17
Inicio (S): (4, 0)
Fin (E): (12, 16)
Camino: (4,0) -> (5,1) -> (5,2) -> (6,3) -> (7,4) -> (8,4) -> (9,5) -> (8,6) -> (9,7) -> (9,8) -> (10,9) -> (9,10) -> (10,11) -> (10,12) -> (11,13) -> (12,14) -> (11,15) -> (12,16)
Coste: 111
N√ļmero de nodos generados: 1220
N√ļmero de nodos inspeccionados: 850

Representaci√≥n visual final:
|000‚Ėą‚Ėą000000000000|
|0000000000‚Ėą000000|
|0‚Ėą00000‚Ėą0‚Ėą000‚Ėą0‚Ėą‚Ėą|
|‚Ėą0‚Ėą0‚Ėą0‚Ėą00000‚Ėą0‚Ėą00|
|S0000000000‚Ėą0‚Ėą00‚Ėą|
|0**00000‚Ėą0‚Ėą000000|
|00‚Ėą*00‚Ėą0000000‚Ėą00|
|‚Ėą000*000‚Ėą00‚Ėą‚Ėą0000|
|00‚Ėą‚Ėą*0*000‚Ėą0‚Ėą00‚Ėą‚Ėą|
|0‚Ėą000*0**‚Ėą*00‚Ėą000|
|00000‚Ėą000*0**00‚Ėą0|
|00‚Ėą‚Ėą000000‚Ėą00*0*‚Ėą|
|00000000000‚Ėą‚Ėą‚Ėą*‚Ėą*|
|000‚Ėą0000‚Ėą0‚Ėą00‚Ėą000|
|000000‚Ėą000000‚Ėą‚Ėą0‚Ėą|
|00‚Ėą000‚Ėą0‚Ėą000000‚Ėą0|
|0‚Ėą‚Ėą‚Ėą00‚Ėą0000‚Ėą000‚Ėą‚Ėą|
==============================


=== EJECUCI√ďN FINALIZADA ===
