
=== LABERINTO ===
|‚Ėą‚Ėą‚Ėą‚Ėą‚Ėą‚Ėą‚Ėą‚Ėą‚Ėą‚Ėą‚Ėą‚Ėą‚Ėą‚Ėą‚Ėą‚Ėą‚Ėą|
|‚Ėą000‚Ėą00000000000‚Ėą|
|‚Ėą000‚Ėą00000000000‚Ėą|
|‚Ėą000‚Ėą00000000000‚Ėą|
|S000‚Ėą000‚Ėą000‚Ėą‚Ėą‚Ėą‚Ėą‚Ėą|
|‚Ėą000‚Ėą000‚Ėą000‚Ėą000‚Ėą|
|‚Ėą000‚Ėą000‚Ėą000‚Ėą000‚Ėą|
|‚Ėą000‚Ėą000‚Ėą000‚Ėą000‚Ėą|
|‚Ėą000‚Ėą‚Ėą‚Ėą‚Ėą‚Ėą000‚Ėą000‚Ėą|
|‚Ėą00000000000‚Ėą000‚Ėą|
|‚Ėą00000000000‚Ėą000‚Ėą|
|‚Ėą00000000000‚Ėą000‚Ėą|
|‚Ėą000‚Ėą‚Ėą‚Ėą‚Ėą‚Ėą000‚Ėą000E|
|‚Ėą000‚Ėą00000000000‚Ėą|
|‚Ėą000‚Ėą00000000000‚Ėą|
|‚Ėą000‚Ėą00000000000‚Ėą|
|‚Ėą‚Ėą‚Ėą‚Ėą‚Ėą‚Ėą‚Ėą‚Ėą‚Ėą‚Ėą‚Ėą‚Ėą‚Ėą‚Ėą‚Ėą‚Ėą‚Ėą|


=== EJECUCI√ďN DIN√ĀMICA ===

=== INFORMACI√ďN DEL CAMINO ENCONTRADO ===
Iteraci√≥n: 1
Reintentos: 0
Coste del camino: 103
Nodos generados en esta iteraci√≥n: 113
Nodos inspeccionados en esta iteraci√≥n: 93
N√ļmero de pasos del camino: 17
Proporci√≥n media de paredes: 0.3391

Nodos generados (113): (4,1), (3,1), (5,1), (6,1), (5,2), (4,2), (6,2), (3,2), (7,2), (6,3), (5,3), (7,1), (7,3), (4,3), (8,3), (8,2), (3,3), (8,1), (9,3), (9,2), (9,4), (9,1), (10,4), (9,5), (10,3), (10,5), (2,1), (2,2), (10,2), (11,5), (10,6), (9,6), (11,4), (11,6), (10,1), (11,3), (11,7), (10,7), (2,3), (11,2), (9,7), (11,1), (12,3), (11,8), (10,8), (12,2), (9,8), (12,1), (11,9), (10,9), (12,9), (13,3), (13,2), (9,9), (13,9), (12,10), (11,10), (13,8), (13,10), (1,2), (1,1), (1,3), (13,1), (8,9), (10,10), (9,10), (12,11), (11,11), (13,11), (8,10), (10,11), (9,11), (13,12), (8,11), (14,10), (14,9), (14,11), (14,3), (14,2), (14,8), (7,9), (7,10), (14,1), (14,12), (7,11), (13,13), (12,13), (14,13), (11,13), (12,14), (11,14), (13,14), (13,7), (14,7), (14,14), (15,11), (15,10), (15,12), (12,15), (11,15), (13,15), (15,9), (6,10), (6,9), (6,11), (14,15), (15,8), (15,3), (15,2), (15,13), (12,16), (15,1), (15,14)
Nodos inspeccionados (93): (4,0), (5,1), (4,1), (6,2), (6,1), (5,2), (7,3), (4,2), (7,2), (6,3), (5,3), (7,1), (8,3), (4,3), (8,2), (9,4), (3,1), (8,1), (9,3), (10,5), (9,2), (10,4), (9,5), (11,6), (3,2), (9,1), (10,3), (11,5), (10,6), (10,2), (9,6), (11,4), (11,7), (3,3), (10,1), (11,3), (10,7), (11,2), (9,7), (11,8), (11,1), (12,3), (10,8), (12,9), (2,2), (12,2), (9,8), (11,9), (2,1), (12,1), (10,9), (12,10), (2,3), (9,9), (11,10), (10,10), (12,11), (9,10), (11,11), (10,11), (13,10), (9,11), (13,3), (13,9), (1,3), (8,9), (13,2), (1,2), (13,11), (1,1), (13,1), (8,10), (13,12), (8,11), (12,13), (13,8), (13,13), (14,11), (12,14), (14,10), (7,10), (13,14), (14,9), (14,3), (7,9), (14,12), (12,15), (14,2), (7,11), (13,15), (14,1), (14,13), (12,16)
|‚Ėą‚Ėą‚Ėą‚Ėą‚Ėą‚Ėą‚Ėą‚Ėą‚Ėą‚Ėą‚Ėą‚Ėą‚Ėą‚Ėą‚Ėą‚Ėą‚Ėą|
|‚Ėą000‚Ėą00000000000‚Ėą|
|‚Ėą000‚Ėą00000000000‚Ėą|
|‚Ėą000‚Ėą00000000000‚Ėą|
|S000‚Ėą000‚Ėą000‚Ėą‚Ėą‚Ėą‚Ėą‚Ėą|
|‚Ėą*00‚Ėą000‚Ėą000‚Ėą000‚Ėą|
|‚Ėą0*0‚Ėą000‚Ėą000‚Ėą000‚Ėą|
|‚Ėą00*‚Ėą000‚Ėą000‚Ėą000‚Ėą|
|‚Ėą00*‚Ėą‚Ėą‚Ėą‚Ėą‚Ėą000‚Ėą000‚Ėą|
|‚Ėą000*0000000‚Ėą000‚Ėą|
|‚Ėą0000*000000‚Ėą000‚Ėą|
|‚Ėą00000***000‚Ėą000‚Ėą|
|‚Ėą000‚Ėą‚Ėą‚Ėą‚Ėą‚Ėą***‚Ėą****|
|‚Ėą000‚Ėą0000000*000‚Ėą|
|‚Ėą000‚Ėą00000000000‚Ėą|
|‚Ėą000‚Ėą00000000000‚Ėą|
|‚Ėą‚Ėą‚Ėą‚Ėą‚Ėą‚Ėą‚Ėą‚Ėą‚Ėą‚Ėą‚Ėą‚Ėą‚Ėą‚Ėą‚Ėą‚Ėą‚Ėą|
Camino encontrado: (4,0) -> (5,1) -> (6,2) -> (7,3) -> (8,3) -> (9,4) -> (10,5) -> (11,6) -> (11,7) -> (11,8) -> (12,9) -> (12,10) -> (12,11) -> (13,12) -> (12,13) -> (12,14) -> (12,15) -> (12,16)

=== INFORMACI√ďN DEL CAMINO ENCONTRADO ===
Iteraci√≥n: 2
Reintentos: 0
Coste del camino: 93
Nodos generados en esta iteraci√≥n: 167
Nodos inspeccionados en esta iteraci√≥n: 133
N√ļmero de pasos del camino: 15
Proporci√≥n media de paredes: 0.262976

Nodos generados (167): (4,1), (6,1), (5,2), (4,0), (4,2), (7,1), (7,0), (6,3), (7,3), (6,4), (7,4), (8,1), (8,0), (8,2), (8,4), (7,5), (8,3), (5,5), (9,2), (9,3), (9,0), (9,4), (9,5), (7,6), (6,6), (8,6), (10,3), (10,2), (10,4), (3,2), (3,1), (3,3), (10,1), (10,6), (8,7), (7,7), (9,7), (11,3), (11,5), (3,0), (6,7), (11,7), (9,8), (8,8), (10,8), (11,1), (7,8), (12,7), (11,8), (9,9), (11,9), (6,8), (12,3), (12,2), (8,9), (12,9), (11,10), (10,10), (12,10), (7,9), (13,7), (13,8), (13,10), (12,11), (13,9), (13,11), (4,5), (5,6), (4,4), (4,6), (6,9), (9,10), (8,10), (13,3), (13,2), (13,4), (10,11), (10,0), (5,7), (7,10), (9,11), (13,12), (2,3), (2,2), (4,7), (8,11), (5,8), (7,11), (10,12), (9,12), (12,1), (12,0), (6,11), (5,9), (13,1), (3,6), (7,12), (10,13), (9,13), (11,13), (14,8), (14,7), (14,9), (14,11), (14,10), (14,12), (4,9), (6,12), (8,13), (12,13), (12,14), (14,6), (3,7), (5,10), (14,4), (13,5), (14,3), (14,5), (9,14), (13,14), (11,15), (13,13), (13,15), (14,13), (4,10), (7,13), (6,13), (8,14), (3,8), (7,14), (1,3), (1,2), (1,4), (5,11), (4,11), (9,15), (8,15), (14,14), (1,1), (5,12), (2,6), (2,5), (2,7), (14,15), (6,15), (14,1), (15,9), (15,10), (15,12), (15,11), (15,13), (3,9), (3,10), (5,13), (7,16), (14,0), (15,7), (2,8), (15,5), (15,4), (15,6), (12,16), (13,16), (4,13), (15,3), (3,11), (5,14)
Nodos inspeccionados (133): (5,1), (6,1), (5,2), (6,3), (7,1), (7,4), (7,3), (6,4), (8,2), (8,1), (8,4), (7,5), (9,3), (4,2), (8,3), (9,2), (9,5), (8,6), (10,4), (4,1), (9,4), (7,6), (10,3), (10,6), (9,7), (11,5), (7,0), (10,2), (8,7), (11,7), (10,8), (7,7), (11,3), (9,8), (11,9), (8,0), (8,8), (12,7), (11,8), (12,10), (5,5), (7,8), (9,9), (12,3), (12,9), (11,10), (4,0), (9,0), (6,6), (8,9), (10,10), (12,11), (3,3), (10,1), (7,9), (5,6), (9,10), (3,2), (6,7), (4,4), (8,10), (10,11), (10,0), (3,1), (11,1), (5,7), (7,10), (9,11), (6,8), (12,2), (4,5), (8,11), (10,12), (13,8), (13,11), (5,8), (7,11), (9,12), (12,1), (11,13), (13,7), (13,10), (4,6), (6,9), (13,4), (10,13), (12,14), (13,9), (13,3), (13,12), (5,9), (7,12), (9,13), (12,13), (3,0), (4,7), (8,13), (13,5), (2,3), (5,10), (9,14), (13,13), (7,13), (2,2), (12,0), (6,11), (8,14), (3,6), (13,14), (7,14), (5,11), (9,15), (13,2), (14,9), (14,12), (4,9), (6,12), (8,15), (13,1), (14,8), (14,11), (3,7), (14,5), (11,15), (13,15), (5,12), (14,7), (14,10), (14,4), (14,13), (4,10), (6,13), (12,16)
|0‚Ėą‚Ėą00‚Ėą0‚Ėą‚Ėą0‚Ėą‚Ėą0‚Ėą000|
|‚Ėą0000000000000000|
|‚Ėą‚Ėą00‚Ėą000000000000|
|0000‚Ėą‚Ėą0000000000‚Ėą|
|S00‚Ėą0000‚Ėą000‚Ėą0‚Ėą‚Ėą0|
|‚Ėą+*‚Ėą‚Ėą00000000000‚Ėą|
|‚Ėą0‚Ėą*0‚Ėą0000‚Ėą000‚Ėą00|
|00‚Ėą0**000000000‚Ėą0|
|00000‚Ėą*00000‚Ėą000‚Ėą|
|0‚Ėą0000‚Ėą***000000‚Ėą|
|00000‚Ėą0‚Ėą0‚Ėą***0‚Ėą‚Ėą‚Ėą|
|‚Ėą0‚Ėą0‚Ėą0‚Ėą0000‚Ėą‚Ėą*‚Ėą*‚Ėą|
|0000‚Ėą‚Ėą‚Ėą0‚Ėą000‚Ėą0*‚Ėą*|
|‚Ėą00000‚Ėą0000000000|
|00‚Ėą0000000000000‚Ėą|
|‚Ėą0000000‚Ėą00000‚Ėą0‚Ėą|
|0‚Ėą‚Ėą‚Ėą000‚Ėą‚Ėą‚Ėą‚Ėą‚Ėą‚Ėą0‚Ėą‚Ėą0|
Camino encontrado: (5,1) -> (5,2) -> (6,3) -> (7,4) -> (7,5) -> (8,6) -> (9,7) -> (9,8) -> (9,9) -> (10,10) -> (10,11) -> (10,12) -> (11,13) -> (12,14) -> (11,15) -> (12,16)

=== INFORMACI√ďN DEL CAMINO ENCONTRADO ===
Iteraci√≥n: 3
Reintentos: 0
Coste del camino: 84
Nodos generados en esta iteraci√≥n: 140
Nodos inspeccionados en esta iteraci√≥n: 109
N√ļmero de pasos del camino: 14
Proporci√≥n media de paredes: 0.221453

Nodos generados (140): (4,2), (6,2), (5,1), (5,3), (4,1), (4,3), (6,1), (6,3), (7,3), (6,4), (7,4), (7,1), (4,4), (8,3), (8,5), (8,2), (5,5), (9,5), (8,6), (7,6), (9,4), (9,2), (10,4), (10,6), (8,7), (7,7), (9,7), (10,3), (10,7), (11,5), (11,7), (9,8), (8,8), (10,8), (3,3), (3,2), (3,4), (6,0), (5,0), (7,0), (12,7), (11,8), (12,6), (12,8), (10,9), (9,9), (11,9), (3,1), (4,0), (8,9), (13,8), (12,9), (13,7), (13,9), (11,10), (10,10), (12,10), (8,1), (8,0), (4,5), (3,5), (12,5), (7,9), (9,10), (13,10), (12,11), (11,11), (13,11), (9,1), (5,6), (4,6), (6,6), (6,7), (13,5), (8,10), (10,11), (7,10), (9,11), (3,6), (11,12), (13,12), (5,7), (10,2), (10,1), (6,8), (8,11), (10,12), (4,7), (3,0), (11,2), (10,0), (3,7), (5,8), (9,12), (2,4), (2,3), (2,5), (11,13), (12,13), (11,1), (2,2), (14,9), (14,10), (11,0), (6,9), (5,9), (7,12), (3,8), (13,13), (12,14), (11,14), (14,7), (2,6), (14,11), (14,12), (12,1), (12,3), (4,9), (12,0), (5,10), (11,15), (13,2), (6,11), (2,7), (4,10), (14,5), (14,4), (13,1), (13,0), (2,8), (14,14), (4,11), (11,16), (10,16), (12,16), (1,5), (1,4), (1,6), (6,12), (5,12)
Nodos inspeccionados (109): (5,2), (6,3), (6,2), (5,3), (7,4), (7,3), (6,4), (8,5), (8,3), (9,5), (8,6), (9,4), (10,6), (9,7), (4,3), (6,1), (8,7), (11,7), (10,8), (4,2), (5,1), (10,4), (10,7), (9,8), (12,8), (11,9), (7,1), (4,4), (11,5), (8,8), (12,7), (11,8), (10,9), (12,10), (8,2), (5,5), (7,6), (12,6), (9,9), (12,9), (11,10), (8,9), (10,10), (8,1), (4,5), (12,5), (12,11), (6,6), (9,2), (7,7), (9,10), (11,11), (5,6), (4,1), (10,3), (9,1), (4,6), (6,7), (8,10), (10,11), (3,4), (7,0), (9,11), (11,12), (5,7), (10,2), (3,3), (6,0), (13,9), (10,1), (6,8), (8,11), (10,12), (4,7), (12,13), (3,2), (5,0), (13,8), (8,0), (3,5), (7,9), (13,11), (11,2), (5,8), (9,12), (11,13), (13,7), (13,10), (11,1), (6,9), (12,14), (12,3), (7,10), (3,6), (13,12), (5,9), (11,14), (13,5), (12,1), (10,0), (3,7), (13,13), (5,10), (11,15), (3,1), (4,0), (2,5), (6,11), (12,16)
|00‚Ėą00‚Ėą00‚Ėą‚Ėą0‚Ėą0‚Ėą000|
|‚Ėą0000000000000000|
|‚Ėą‚Ėą0000000‚Ėą0000000|
|0000000000000000‚Ėą|
|S0000000‚Ėą000‚Ėą00‚Ėą0|
|0++0‚Ėą000000‚Ėą00‚Ėą00|
|000*0‚Ėą0000‚Ėą000‚Ėą00|
|00‚Ėą0*‚Ėą00‚Ėą00‚Ėą000‚Ėą0|
|0000‚Ėą**00000‚Ėą‚Ėą00‚Ėą|
|‚Ėą00‚Ėą00‚Ėą*00000‚Ėą00‚Ėą|
|00000‚Ėą00*0000‚Ėą‚Ėą‚Ėą0|
|000‚Ėą‚Ėą0‚Ėą00*******0|
|00‚Ėą0‚Ėą0000000‚Ėą00‚Ėą*|
|000‚Ėą‚Ėą0‚Ėą0000000‚Ėą‚Ėą‚Ėą|
|0‚Ėą0‚Ėą00‚Ėą0‚Ėą0000‚Ėą00‚Ėą|
|‚Ėą0000000000000000|
|00‚Ėą0000‚Ėą0‚Ėą‚Ėą0‚Ėą000‚Ėą|
Camino encontrado: (5,2) -> (6,3) -> (7,4) -> (8,5) -> (8,6) -> (9,7) -> (10,8) -> (11,9) -> (11,10) -> (11,11) -> (11,12) -> (11,13) -> (11,14) -> (11,15) -> (12,16)

=== INFORMACI√ďN DEL CAMINO ENCONTRADO ===
Iteraci√≥n: 4
Reintentos: 0
Coste del camino: 85
Nodos generados en esta iteraci√≥n: 164
Nodos inspeccionados en esta iteraci√≥n: 132
N√ļmero de pasos del camino: 13
Proporci√≥n media de paredes: 0.242215

Nodos generados (164): (5,3), (7,3), (6,2), (6,4), (5,2), (5,4), (7,2), (7,4), (8,4), (7,5), (6,5), (8,3), (8,5), (8,2), (5,5), (9,5), (8,6), (7,6), (9,4), (9,3), (6,6), (5,6), (9,2), (10,5), (10,4), (10,6), (8,7), (7,7), (9,7), (6,7), (10,3), (10,7), (11,5), (11,7), (9,8), (8,8), (10,8), (10,2), (5,7), (12,7), (11,8), (12,6), (12,8), (9,9), (11,9), (4,4), (4,3), (4,5), (7,1), (8,1), (6,8), (8,9), (13,8), (12,9), (13,7), (13,9), (11,10), (12,10), (4,2), (5,1), (12,5), (13,10), (12,11), (11,11), (13,11), (9,1), (4,6), (13,5), (9,10), (8,10), (6,9), (5,9), (11,12), (13,12), (4,7), (10,12), (9,11), (8,11), (5,10), (4,1), (3,5), (3,4), (3,6), (8,0), (7,0), (14,9), (9,13), (7,12), (3,3), (6,0), (14,7), (14,11), (14,12), (3,2), (14,6), (10,0), (3,7), (4,9), (4,10), (13,13), (14,13), (14,5), (14,4), (3,8), (5,11), (4,11), (12,14), (11,15), (13,15), (3,1), (4,0), (2,6), (2,5), (8,13), (9,14), (8,14), (6,12), (7,13), (6,13), (5,12), (4,12), (2,4), (15,8), (15,10), (15,11), (7,14), (5,13), (2,3), (11,0), (2,8), (9,15), (8,15), (6,14), (4,13), (2,2), (15,7), (15,6), (3,10), (3,9), (3,11), (15,14), (7,15), (5,14), (15,5), (6,15), (4,14), (12,0), (12,1), (9,16), (10,16), (3,0), (3,12), (7,16), (13,1), (13,0), (13,2), (11,16), (12,16), (14,15), (13,16), (2,10), (6,16), (4,15), (3,13)
Nodos inspeccionados (132): (6,3), (7,4), (7,3), (6,4), (8,5), (8,4), (7,5), (6,5), (8,3), (9,5), (8,6), (7,6), (9,4), (10,6), (9,7), (9,3), (6,6), (10,5), (8,7), (11,7), (10,8), (5,4), (7,2), (10,4), (7,7), (10,7), (9,8), (12,8), (11,9), (5,3), (6,2), (6,7), (10,3), (11,5), (8,8), (12,7), (11,8), (12,10), (8,2), (5,5), (12,6), (9,9), (12,9), (11,10), (6,8), (8,9), (12,5), (12,11), (5,6), (9,2), (11,11), (9,10), (8,10), (6,9), (5,2), (10,2), (5,7), (11,12), (9,11), (4,5), (8,1), (13,9), (10,12), (8,11), (4,4), (7,1), (13,8), (13,11), (4,3), (13,7), (13,10), (9,1), (4,6), (5,9), (13,12), (13,5), (4,7), (5,10), (13,13), (12,14), (4,2), (5,1), (3,6), (9,13), (7,12), (5,11), (3,5), (8,0), (14,9), (14,12), (8,13), (6,12), (3,4), (7,0), (14,11), (10,0), (3,7), (9,14), (7,13), (5,12), (3,3), (14,7), (4,10), (14,13), (8,14), (6,13), (14,6), (4,9), (3,8), (7,14), (5,13), (11,0), (9,15), (4,1), (14,5), (4,11), (8,15), (6,14), (12,1), (10,16), (11,15), (13,15), (3,9), (7,15), (5,14), (12,0), (9,16), (6,0), (4,12), (6,15), (11,16), (12,16)
|000‚Ėą‚Ėą000‚Ėą‚Ėą‚Ėą‚Ėą0000‚Ėą|
|0‚Ėą‚Ėą‚Ėą0000000000000|
|‚Ėą000000‚Ėą0‚Ėą00‚Ėą0000|
|0000000000000000‚Ėą|
|S0000000‚Ėą00000000|
|‚Ėą++00000‚Ėą000000‚Ėą‚Ėą|
|0‚Ėą0+000000‚Ėą‚Ėą00000|
|0000*000‚Ėą‚Ėą‚Ėą‚Ėą00000|
|00000**00000‚Ėą000‚Ėą|
|‚Ėą00000‚Ėą*0000‚Ėą0000|
|0‚Ėą000000*‚Ėą‚Ėą‚Ėą0‚Ėą‚Ėą‚Ėą0|
|0‚Ėą‚Ėą‚Ėą‚Ėą0‚Ėą00*000‚Ėą‚Ėą*0|
|00‚Ėą0‚Ėą00000**‚Ėą‚Ėą*‚Ėą*|
|0000‚Ėą0‚Ėą00000**‚Ėą00|
|0‚Ėą000000‚Ėą0‚Ėą000‚Ėą0‚Ėą|
|0000‚Ėą0000‚Ėą00‚Ėą‚Ėą000|
|0‚Ėą00‚Ėą0000‚Ėą0‚Ėą‚Ėą‚Ėą00‚Ėą|
Camino encontrado: (6,3) -> (7,4) -> (8,5) -> (8,6) -> (9,7) -> (10,8) -> (11,9) -> (12,10) -> (12,11) -> (13,12) -> (13,13) -> (12,14) -> (11,15) -> (12,16)

=== INFORMACI√ďN DEL CAMINO ENCONTRADO ===
Iteraci√≥n: 5
Reintentos: 0
Coste del camino: 74
Nodos generados en esta iteraci√≥n: 142
Nodos inspeccionados en esta iteraci√≥n: 107
N√ļmero de pasos del camino: 12
Proporci√≥n media de paredes: 0.245675

Nodos generados (142): (6,4), (8,4), (7,3), (7,5), (6,3), (6,5), (8,3), (8,5), (9,5), (8,6), (7,6), (9,4), (9,6), (9,3), (10,6), (8,7), (10,5), (10,7), (10,4), (7,7), (11,7), (10,8), (9,8), (11,8), (6,7), (10,3), (11,5), (12,8), (11,9), (12,7), (12,9), (8,8), (7,8), (12,6), (9,9), (13,9), (11,10), (13,8), (13,10), (6,8), (8,9), (13,7), (5,5), (5,6), (8,2), (7,2), (9,2), (12,5), (12,4), (13,6), (7,9), (5,3), (6,2), (6,9), (13,5), (9,10), (8,10), (11,11), (10,11), (12,11), (10,2), (7,10), (13,11), (12,12), (11,12), (13,12), (9,11), (8,11), (10,12), (5,7), (5,8), (11,2), (7,11), (9,12), (11,13), (13,13), (14,9), (14,11), (8,12), (5,2), (5,9), (7,12), (9,13), (14,7), (4,6), (4,5), (4,7), (9,1), (10,1), (12,3), (13,3), (14,12), (6,12), (8,13), (14,6), (4,4), (7,1), (5,10), (7,13), (14,5), (6,13), (8,14), (14,4), (7,14), (4,9), (12,1), (13,14), (14,14), (6,14), (15,11), (15,10), (15,12), (13,2), (8,15), (7,15), (9,15), (4,10), (6,15), (13,15), (14,15), (9,16), (10,16), (4,3), (5,1), (15,9), (15,8), (3,6), (3,8), (10,0), (11,0), (5,12), (5,13), (7,16), (11,16), (11,15), (3,5), (8,0), (12,16), (15,7), (15,6), (3,4), (5,14)
Nodos inspeccionados (107): (7,4), (8,5), (8,4), (7,5), (9,6), (9,5), (8,6), (10,7), (7,6), (9,4), (10,6), (11,8), (8,7), (10,5), (11,7), (10,8), (12,9), (10,4), (7,7), (9,8), (12,8), (11,9), (6,5), (8,3), (11,5), (12,7), (8,8), (6,4), (7,3), (7,8), (12,6), (9,9), (11,10), (9,3), (8,9), (12,5), (12,11), (7,9), (9,10), (11,11), (6,7), (10,3), (8,10), (10,11), (12,12), (13,10), (7,10), (11,12), (9,11), (6,3), (13,9), (6,8), (8,11), (10,12), (13,8), (5,6), (9,2), (12,4), (13,11), (7,11), (9,12), (11,13), (13,7), (5,5), (8,2), (6,9), (8,12), (7,2), (13,6), (10,2), (13,12), (5,7), (7,12), (9,13), (13,5), (8,13), (5,8), (11,2), (13,13), (7,13), (14,11), (12,3), (8,14), (5,9), (7,14), (13,14), (9,15), (5,3), (6,2), (14,9), (4,7), (10,1), (14,12), (6,12), (8,15), (10,16), (4,6), (9,1), (5,10), (7,15), (13,15), (9,16), (14,7), (4,5), (6,13), (11,16), (12,16)
|‚Ėą00‚Ėą000‚Ėą‚Ėą‚Ėą000‚Ėą‚Ėą00|
|0‚Ėą‚Ėą‚Ėą0000000‚Ėą‚Ėą‚Ėą000|
|0000000‚Ėą0000‚Ėą0000|
|000‚Ėą000‚Ėą0‚Ėą‚Ėą0000‚Ėą0|
|S0‚Ėą00000‚Ėą00‚Ėą000‚Ėą‚Ėą|
|‚Ėą++0‚Ėą000000‚Ėą0000‚Ėą|
|0‚Ėą0+00‚Ėą000‚Ėą‚Ėą0000‚Ėą|
|0000+000000000000|
|0‚Ėą000*0000000000‚Ėą|
|‚Ėą00000*‚Ėą000000‚Ėą00|
|0000000*0‚Ėą‚Ėą00‚Ėą‚Ėą‚Ėą0|
|0‚Ėą0‚Ėą‚Ėą0‚Ėą0***000‚Ėą00|
|00‚Ėą0000000‚Ėą**‚Ėą‚Ėą‚Ėą*|
|0000‚Ėą00000000***‚Ėą|
|0‚Ėą000000‚Ėą0‚Ėą00‚Ėą00‚Ėą|
|0‚Ėą00‚Ėą‚Ėą0000000‚Ėą0‚Ėą0|
|000‚Ėą000000‚Ėą0‚Ėą‚Ėą00‚Ėą|
Camino encontrado: (7,4) -> (8,5) -> (9,6) -> (10,7) -> (11,8) -> (11,9) -> (11,10) -> (12,11) -> (12,12) -> (13,13) -> (13,14) -> (13,15) -> (12,16)

=== INFORMACI√ďN DEL CAMINO ENCONTRADO ===
Iteraci√≥n: 6
Reintentos: 0
Coste del camino: 63
Nodos generados en esta iteraci√≥n: 87
Nodos inspeccionados en esta iteraci√≥n: 59
N√ļmero de pasos del camino: 11
Proporci√≥n media de paredes: 0.245675

Nodos generados (87): (7,5), (8,4), (8,6), (7,4), (7,6), (9,4), (9,6), (10,6), (9,7), (8,7), (10,5), (7,7), (11,5), (11,7), (10,8), (7,8), (12,7), (11,8), (12,6), (12,8), (10,9), (9,9), (11,9), (12,9), (13,7), (13,9), (11,10), (10,10), (6,5), (6,7), (8,3), (10,3), (13,10), (11,11), (10,11), (12,11), (6,4), (7,3), (11,4), (9,11), (13,11), (11,12), (13,12), (6,8), (10,12), (12,5), (12,4), (9,12), (7,9), (6,9), (8,9), (13,5), (11,13), (14,9), (9,13), (13,4), (7,10), (6,3), (11,14), (14,7), (14,6), (5,7), (5,6), (10,2), (9,2), (14,11), (12,3), (8,11), (8,12), (14,12), (13,13), (6,11), (11,15), (10,15), (12,15), (5,5), (5,4), (8,2), (7,2), (5,9), (12,16), (13,14), (13,3), (8,13), (14,14), (5,10), (7,13)
Nodos inspeccionados (59): (8,5), (9,6), (8,6), (10,6), (9,7), (8,7), (11,7), (10,8), (12,8), (11,9), (12,7), (11,8), (10,9), (7,6), (9,4), (12,9), (11,10), (7,5), (8,4), (10,5), (10,10), (12,11), (7,7), (11,11), (11,5), (10,11), (7,8), (12,6), (9,9), (11,12), (13,9), (10,12), (12,5), (8,9), (7,4), (7,9), (11,13), (13,7), (6,7), (10,3), (13,10), (11,4), (9,11), (13,12), (7,10), (11,14), (6,5), (8,3), (13,11), (6,8), (8,11), (12,15), (12,4), (9,12), (13,13), (11,15), (6,9), (8,12), (12,16)
|00000000‚Ėą‚Ėą00‚Ėą00‚Ėą0|
|000‚Ėą0‚Ėą00‚Ėą0‚Ėą‚Ėą0‚Ėą‚Ėą0‚Ėą|
|00‚Ėą00000000000000|
|‚Ėą00‚Ėą000‚Ėą000000000|
|S0‚Ėą00000‚Ėą00000000|
|0++00000‚Ėą00‚Ėą00000|
|000+00‚Ėą000‚Ėą000000|
|0000+000000‚Ėą‚Ėą0‚Ėą‚Ėą0|
|00000+00‚Ėą0‚Ėą000000|
|000‚Ėą0‚Ėą**‚Ėą0‚Ėą000‚Ėą00|
|‚Ėą000‚Ėą00‚Ėą*0000‚Ėą‚Ėą0‚Ėą|
|‚Ėą0‚Ėą‚Ėą00‚Ėą00******0‚Ėą|
|‚Ėą0‚Ėą0000000‚Ėą0‚Ėą‚Ėą‚Ėą**|
|00‚Ėą000‚Ėą0‚Ėą000000‚Ėą‚Ėą|
|00000000‚Ėą0‚Ėą00‚Ėą00‚Ėą|
|‚Ėą‚Ėą00‚Ėą00000‚Ėą00‚Ėą00‚Ėą|
|000‚Ėą0000‚Ėą0‚Ėą0‚Ėą‚Ėą00‚Ėą|
Camino encontrado: (8,5) -> (9,6) -> (9,7) -> (10,8) -> (11,9) -> (11,10) -> (11,11) -> (11,12) -> (11,13) -> (11,14) -> (12,15) -> (12,16)

=== INFORMACI√ďN DEL CAMINO ENCONTRADO ===
Iteraci√≥n: 7
Reintentos: 0
Coste del camino: 56
Nodos generados en esta iteraci√≥n: 78
Nodos inspeccionados en esta iteraci√≥n: 51
N√ļmero de pasos del camino: 10
Proporci√≥n media de paredes: 0.242215

Nodos generados (78): (8,6), (10,6), (9,7), (8,5), (8,7), (10,5), (10,7), (11,7), (10,8), (11,8), (11,5), (8,8), (12,8), (11,9), (10,9), (12,7), (12,6), (13,8), (13,9), (11,10), (10,10), (12,10), (9,10), (13,6), (13,10), (12,11), (11,11), (13,11), (10,11), (7,7), (7,6), (7,8), (9,4), (11,4), (9,11), (12,12), (11,12), (13,12), (7,5), (10,12), (12,4), (7,9), (9,12), (12,13), (11,13), (13,13), (13,5), (10,13), (14,9), (14,8), (14,10), (12,14), (11,14), (13,14), (14,7), (8,11), (14,11), (14,12), (10,14), (8,4), (7,4), (12,15), (6,8), (6,7), (6,9), (10,3), (12,3), (8,12), (10,15), (9,15), (12,16), (11,16), (6,5), (13,3), (7,10), (14,14), (10,16), (9,16)
Nodos inspeccionados (51): (9,6), (10,7), (10,6), (9,7), (11,8), (11,7), (10,8), (12,8), (11,9), (10,9), (12,7), (12,10), (11,10), (8,7), (10,5), (10,10), (12,11), (8,6), (11,11), (11,5), (8,8), (10,11), (12,12), (12,6), (11,12), (13,9), (10,12), (12,13), (13,8), (9,10), (13,11), (11,13), (8,5), (13,10), (10,13), (12,14), (7,8), (11,4), (9,11), (13,12), (11,14), (7,7), (10,14), (12,15), (7,6), (12,4), (7,9), (9,12), (13,13), (10,15), (12,16)
|00000000‚Ėą00‚Ėą‚Ėą0000|
|00‚Ėą00000‚Ėą00‚Ėą00‚Ėą‚Ėą‚Ėą|
|00‚Ėą000‚Ėą000000‚Ėą000|
|0000‚Ėą‚Ėą0000000000‚Ėą|
|S‚Ėą‚Ėą00‚Ėą00‚Ėą‚Ėą‚Ėą000000|
|0++0‚Ėą000‚Ėą0000‚Ėą0‚Ėą0|
|000+00‚Ėą000‚Ėą000000|
|0000+000000000‚Ėą00|
|000‚Ėą0+000‚Ėą‚Ėą00‚Ėą0‚Ėą0|
|00‚Ėą‚Ėą0‚Ėą+0‚Ėą‚Ėą000‚Ėą‚Ėą00|
|‚Ėą0‚Ėą0‚Ėą00*000000000|
|‚Ėą0‚Ėą‚Ėą00‚Ėą0**00000‚Ėą0|
|‚Ėą0000‚Ėą000‚Ėą*******|
|0000‚Ėą00‚Ėą0000000‚Ėą‚Ėą|
|0‚Ėą‚Ėą0000000000‚Ėą000|
|0‚Ėą00‚Ėą0‚Ėą‚Ėą00‚Ėą00‚Ėą‚Ėą0‚Ėą|
|000‚Ėą00‚Ėą0‚Ėą0000‚Ėą000|
Camino encontrado: (9,6) -> (10,7) -> (11,8) -> (11,9) -> (12,10) -> (12,11) -> (12,12) -> (12,13) -> (12,14) -> (12,15) -> (12,16)

=== INFORMACI√ďN DEL CAMINO ENCONTRADO ===
Iteraci√≥n: 8
Reintentos: 0
Coste del camino: 49
Nodos generados en esta iteraci√≥n: 75
Nodos inspeccionados en esta iteraci√≥n: 45
N√ļmero de pasos del camino: 9
Proporci√≥n media de paredes: 0.228374

Nodos generados (75): (9,7), (11,7), (10,6), (10,8), (9,6), (11,8), (12,8), (11,9), (10,9), (12,7), (12,9), (12,6), (9,9), (13,9), (12,10), (13,8), (13,10), (13,7), (10,10), (9,10), (13,6), (12,11), (11,11), (13,11), (10,11), (9,11), (11,12), (13,12), (10,12), (8,7), (8,6), (8,8), (10,5), (9,5), (13,5), (8,9), (8,10), (14,10), (14,9), (14,11), (11,13), (10,13), (12,13), (9,13), (13,13), (12,14), (11,14), (13,14), (14,7), (8,11), (14,12), (10,14), (14,6), (12,15), (11,15), (13,15), (8,5), (8,12), (10,15), (9,15), (12,16), (11,16), (7,8), (7,7), (14,14), (10,16), (7,6), (9,4), (11,4), (7,10), (7,11), (15,11), (15,10), (15,12), (9,16)
Nodos inspeccionados (45): (10,7), (11,8), (11,7), (10,8), (12,9), (12,8), (11,9), (10,9), (12,7), (12,10), (10,10), (12,11), (11,11), (9,7), (10,6), (10,11), (12,6), (9,9), (13,10), (11,12), (13,9), (10,12), (12,13), (13,8), (9,10), (13,11), (11,13), (13,7), (10,13), (12,14), (9,6), (9,11), (13,12), (11,14), (10,14), (12,15), (8,8), (13,13), (11,15), (8,7), (10,5), (8,10), (14,11), (10,15), (12,16)
|00000000‚Ėą000‚Ėą‚Ėą000|
|0‚Ėą00000‚Ėą0000‚Ėą‚Ėą‚Ėą0‚Ėą|
|00‚Ėą‚Ėą000‚Ėą0‚Ėą‚Ėą0000‚Ėą0|
|00‚Ėą0‚Ėą00000000000‚Ėą|
|S‚Ėą000‚Ėą00‚Ėą‚Ėą0000000|
|0++00000‚Ėą000‚Ėą0000|
|‚Ėą0‚Ėą+00‚Ėą0000‚Ėą00‚Ėą00|
|00‚Ėą0+0000‚Ėą00‚Ėą0‚Ėą‚Ėą0|
|000‚Ėą0+0000000‚Ėą0‚Ėą0|
|00‚Ėą‚Ėą00+0‚Ėą000‚Ėą0‚Ėą00|
|00‚Ėą0‚Ėą00+***000000|
|‚Ėą‚Ėą0‚Ėą0‚Ėą‚Ėą000‚Ėą**0000|
|00000‚Ėą000000‚Ėą****|
|0000000000000000‚Ėą|
|‚Ėą0‚Ėą00000‚Ėą0000‚Ėą00‚Ėą|
|0‚Ėą‚Ėą000‚Ėą000000000‚Ėą|
|‚Ėą00‚Ėą00‚Ėą0000‚Ėą00000|
Camino encontrado: (10,7) -> (10,8) -> (10,9) -> (10,10) -> (11,11) -> (11,12) -> (12,13) -> (12,14) -> (12,15) -> (12,16)

=== INFORMACI√ďN DEL CAMINO ENCONTRADO ===
Iteraci√≥n: 9
Reintentos: 0
Coste del camino: 44
Nodos generados en esta iteraci√≥n: 53
Nodos inspeccionados en esta iteraci√≥n: 34
N√ļmero de pasos del camino: 8
Proporci√≥n media de paredes: 0.249135

Nodos generados (53): (9,8), (10,7), (10,9), (9,7), (9,9), (11,7), (11,9), (12,9), (11,10), (10,10), (12,8), (12,10), (9,10), (13,10), (12,11), (11,11), (13,9), (13,11), (13,8), (10,11), (9,11), (11,12), (13,12), (10,12), (8,9), (8,8), (8,10), (12,7), (10,6), (11,13), (12,13), (8,7), (9,6), (13,7), (9,13), (13,13), (12,14), (11,14), (8,11), (14,11), (14,12), (13,6), (10,14), (14,9), (12,15), (11,15), (13,15), (12,16), (11,16), (14,14), (10,16), (7,10), (7,9)
Nodos inspeccionados (34): (10,8), (11,9), (10,9), (12,10), (12,9), (11,10), (10,10), (12,11), (11,11), (10,11), (9,9), (11,7), (11,12), (9,8), (10,7), (12,8), (10,12), (12,13), (9,10), (13,11), (12,7), (11,13), (13,10), (12,14), (13,9), (9,11), (13,12), (11,14), (12,15), (9,7), (13,13), (11,15), (8,10), (12,16)
|00‚Ėą0000000000000‚Ėą|
|‚Ėą‚Ėą0000000‚Ėą00‚Ėą0‚Ėą00|
|000‚Ėą‚Ėą00‚Ėą00‚Ėą‚Ėą000‚Ėą0|
|‚Ėą000‚Ėą0000‚Ėą0000‚Ėą‚Ėą0|
|S0000000000000000|
|‚Ėą++0000000‚Ėą000000|
|000+000‚Ėą‚Ėą‚Ėą0‚Ėą0‚Ėą‚Ėą0‚Ėą|
|0‚Ėą‚Ėą0+‚Ėą00000‚Ėą‚Ėą0‚Ėą0‚Ėą|
|00000+‚Ėą00000‚Ėą‚Ėą000|
|‚Ėą0‚Ėą‚Ėą0‚Ėą+00000‚Ėą0‚Ėą00|
|0000000++0000‚Ėą0‚Ėą0|
|‚Ėą0‚Ėą000‚Ėą0‚Ėą****0000|
|0‚Ėą‚Ėą000‚Ėą00000‚Ėą****|
|00000000000000‚Ėą0‚Ėą|
|‚Ėą000‚Ėą‚Ėą00‚Ėą0‚Ėą00‚Ėą0‚Ėą0|
|0000‚Ėą00000‚Ėą00‚Ėą000|
|‚Ėą‚Ėą‚Ėą00‚Ėą‚Ėą0000‚Ėą00‚Ėą00|
Camino encontrado: (10,8) -> (11,9) -> (11,10) -> (11,11) -> (11,12) -> (12,13) -> (12,14) -> (12,15) -> (12,16)

=== INFORMACI√ďN DEL CAMINO ENCONTRADO ===
Iteraci√≥n: 10
Reintentos: 0
Coste del camino: 41
Nodos generados en esta iteraci√≥n: 52
Nodos inspeccionados en esta iteraci√≥n: 30
N√ļmero de pasos del camino: 7
Proporci√≥n media de paredes: 0.214533

Nodos generados (52): (10,9), (12,9), (11,8), (10,8), (10,10), (12,8), (12,10), (12,11), (11,11), (13,9), (12,12), (11,12), (13,12), (12,13), (13,13), (9,10), (10,11), (9,9), (9,11), (12,7), (11,7), (12,14), (11,14), (13,14), (9,8), (10,7), (10,12), (11,15), (13,15), (14,9), (14,8), (14,10), (14,12), (14,11), (9,13), (14,14), (9,7), (8,11), (8,10), (10,14), (14,15), (8,9), (13,6), (8,8), (10,6), (11,16), (10,16), (12,16), (13,16), (14,16), (15,10), (15,9)
Nodos inspeccionados (30): (11,9), (12,10), (12,9), (12,11), (12,12), (10,10), (12,8), (12,13), (10,9), (11,8), (11,11), (10,11), (12,14), (13,9), (11,12), (13,12), (10,12), (13,13), (10,8), (9,11), (11,14), (13,14), (9,10), (12,7), (9,9), (11,7), (11,15), (13,15), (14,10), (12,16)
|00000000000000000|
|‚Ėą0‚Ėą000‚Ėą00‚Ėą‚Ėą000000|
|0000‚Ėą00‚Ėą‚Ėą0‚Ėą‚Ėą00‚Ėą‚Ėą0|
|000000000000‚Ėą0000|
|S‚Ėą‚Ėą00000000000000|
|0++000‚Ėą00‚Ėą000‚Ėą000|
|000+0‚Ėą00000000‚Ėą00|
|0‚Ėą‚Ėą0+0000‚Ėą0‚Ėą‚Ėą0‚Ėą00|
|00000+‚Ėą00000‚Ėą‚Ėą000|
|00000‚Ėą+00000‚Ėą0000|
|00000‚Ėą0++0000‚Ėą0‚Ėą0|
|0‚Ėą‚Ėą00‚Ėą‚Ėą00+‚Ėą00‚Ėą0*0|
|00‚Ėą000‚Ėą000*****‚Ėą*|
|0000‚Ėą00‚Ėą‚Ėą0‚Ėą‚Ėą00000|
|000‚Ėą000000000‚Ėą000|
|0000‚Ėą000000‚Ėą0‚Ėą0‚Ėą0|
|0‚Ėą‚Ėą00‚Ėą‚Ėą‚Ėą000‚Ėą‚Ėą000‚Ėą|
Camino encontrado: (11,9) -> (12,10) -> (12,11) -> (12,12) -> (12,13) -> (12,14) -> (11,15) -> (12,16)

=== INFORMACI√ďN DEL CAMINO ENCONTRADO ===
Iteraci√≥n: 11
Reintentos: 0
Coste del camino: 34
Nodos generados en esta iteraci√≥n: 43
Nodos inspeccionados en esta iteraci√≥n: 19
N√ļmero de pasos del camino: 6
Proporci√≥n media de paredes: 0.238754

Nodos generados (43): (12,9), (12,11), (11,9), (13,9), (13,11), (12,12), (11,12), (12,13), (13,13), (12,14), (11,14), (13,14), (14,11), (14,10), (12,8), (11,8), (13,8), (11,15), (13,15), (10,12), (10,11), (10,13), (14,13), (14,14), (10,9), (10,8), (10,10), (14,9), (14,8), (10,14), (10,15), (14,15), (15,11), (15,12), (11,16), (10,16), (12,16), (13,16), (14,16), (12,7), (11,7), (9,13), (9,14)
Nodos inspeccionados (19): (12,10), (12,11), (12,12), (12,13), (13,11), (12,9), (12,14), (11,12), (13,13), (11,9), (13,9), (11,14), (13,14), (14,11), (11,15), (13,15), (12,8), (10,13), (12,16)
|‚Ėą000‚Ėą00000‚Ėą000‚Ėą00|
|000000000‚Ėą0000000|
|0000‚Ėą‚Ėą‚Ėą0‚Ėą0‚Ėą‚Ėą‚Ėą0‚Ėą‚Ėą0|
|000‚Ėą0000000000000|
|S‚Ėą‚Ėą000000‚Ėą0000000|
|0++0‚Ėą‚Ėą000‚Ėą‚Ėą00‚Ėą‚Ėą00|
|000+00000000‚Ėą‚Ėą‚Ėą00|
|‚Ėą‚Ėą‚Ėą0+‚Ėą00000‚Ėą‚Ėą0000|
|‚Ėą0‚Ėą00+00‚Ėą0000‚Ėą000|
|‚Ėą0000‚Ėą+00000‚Ėą0000|
|00‚Ėą‚Ėą000++00000000|
|0‚Ėą0‚Ėą‚Ėą‚Ėą‚Ėą00+‚Ėą‚Ėą0‚Ėą0*0|
|0000000000+****‚Ėą*|
|0000000‚Ėą00‚Ėą0‚Ėą0000|
|0000000‚Ėą0000‚Ėą0000|
|0‚Ėą00‚Ėą000‚Ėą0‚Ėą00‚Ėą0‚Ėą0|
|0‚Ėą‚Ėą‚Ėą000‚Ėą00000‚Ėą‚Ėą0‚Ėą|
Camino encontrado: (12,10) -> (12,11) -> (12,12) -> (12,13) -> (12,14) -> (11,15) -> (12,16)

=== INFORMACI√ďN DEL CAMINO ENCONTRADO ===
Iteraci√≥n: 12
Reintentos: 0
Coste del camino: 29
Nodos generados en esta iteraci√≥n: 34
Nodos inspeccionados en esta iteraci√≥n: 15
N√ļmero de pasos del camino: 5
Proporci√≥n media de paredes: 0.238754

Nodos generados (34): (11,11), (13,11), (12,10), (12,12), (11,12), (13,10), (12,13), (13,13), (12,14), (11,14), (11,15), (13,15), (10,12), (10,11), (10,13), (10,10), (14,11), (14,12), (12,9), (11,9), (13,9), (14,13), (14,14), (10,15), (14,9), (11,16), (10,16), (12,16), (14,15), (13,16), (14,16), (9,13), (9,12), (9,14)
Nodos inspeccionados (15): (12,11), (12,12), (12,13), (12,14), (11,12), (11,11), (13,11), (12,10), (13,13), (11,14), (13,10), (11,15), (13,15), (10,13), (12,16)
|‚Ėą‚Ėą00‚Ėą0000‚Ėą‚Ėą‚Ėą00‚Ėą00|
|0‚Ėą0000000‚Ėą0000000|
|000000‚Ėą000‚Ėą‚Ėą0‚Ėą‚Ėą00|
|‚Ėą‚Ėą0‚Ėą0000‚Ėą‚Ėą0000000|
|S‚Ėą‚Ėą0000‚Ėą0‚Ėą00‚Ėą‚Ėą0‚Ėą0|
|0++0‚Ėą‚Ėą000‚Ėą‚Ėą0‚Ėą0‚Ėą00|
|000+0‚Ėą‚Ėą0000000‚Ėą‚Ėą‚Ėą|
|000‚Ėą+‚Ėą00000‚Ėą‚Ėą0000|
|‚Ėą0000+00‚Ėą0000‚Ėą‚Ėą00|
|0‚Ėą0000+0‚Ėą00000000|
|00‚Ėą‚Ėą000++00000‚Ėą00|
|‚Ėą00‚Ėą0‚Ėą‚Ėą00+‚Ėą00‚Ėą0*0|
|0000‚Ėą0‚Ėą000++***‚Ėą*|
|000000000000‚Ėą0‚Ėą00|
|0000000‚Ėą00‚Ėą000000|
|0000000000000‚Ėą0‚Ėą0|
|00‚Ėą0000‚Ėą00000‚Ėą‚Ėą00|
Camino encontrado: (12,11) -> (12,12) -> (12,13) -> (12,14) -> (11,15) -> (12,16)

=== INFORMACI√ďN DEL CAMINO ENCONTRADO ===
Iteraci√≥n: 13
Reintentos: 0
Coste del camino: 24
Nodos generados en esta iteraci√≥n: 24
Nodos inspeccionados en esta iteraci√≥n: 11
N√ļmero de pasos del camino: 4
Proporci√≥n media de paredes: 0.238754

Nodos generados (24): (11,12), (12,11), (12,13), (11,11), (11,13), (13,13), (12,14), (13,14), (11,15), (13,15), (10,13), (10,12), (14,13), (14,12), (14,14), (10,11), (12,10), (13,10), (14,15), (10,15), (11,16), (10,16), (12,16), (14,16)
Nodos inspeccionados (11): (12,12), (12,13), (12,14), (11,13), (13,13), (11,12), (12,11), (13,14), (11,15), (13,15), (12,16)
|‚Ėą‚Ėą0000‚Ėą00‚Ėą0000‚Ėą00|
|0‚Ėą0000‚Ėą00‚Ėą00000‚Ėą‚Ėą|
|0000‚Ėą0‚Ėą00‚Ėą0‚Ėą00‚Ėą00|
|0‚Ėą0‚Ėą‚Ėą000‚Ėą00‚Ėą000‚Ėą0|
|S0‚Ėą000000000‚Ėą00‚Ėą‚Ėą|
|0++000000‚Ėą‚Ėą0‚Ėą00‚Ėą‚Ėą|
|000+0‚Ėą‚Ėą‚Ėą0000‚Ėą00‚Ėą‚Ėą|
|‚Ėą000+‚Ėą0‚Ėą000‚Ėą000‚Ėą0|
|‚Ėą0000+0000000‚Ėą00‚Ėą|
|0‚Ėą0‚Ėą‚Ėą0+0000000000|
|0000000++‚Ėą0000‚Ėą00|
|‚Ėą0000‚Ėą‚Ėą00+‚Ėą000‚Ėą*0|
|‚Ėą00000‚Ėą‚Ėą00+++**‚Ėą*|
|‚Ėą00‚Ėą0000‚Ėą00‚Ėą‚Ėą000‚Ėą|
|000000‚Ėą0000000000|
|0000000000‚Ėą0‚Ėą00‚Ėą0|
|0000000000000‚Ėą000|
Camino encontrado: (12,12) -> (12,13) -> (12,14) -> (11,15) -> (12,16)

=== INFORMACI√ďN DEL CAMINO ENCONTRADO ===
Iteraci√≥n: 14
Reintentos: 0
Coste del camino: 26
Nodos generados en esta iteraci√≥n: 24
Nodos inspeccionados en esta iteraci√≥n: 12
N√ļmero de pasos del camino: 4
Proporci√≥n media de paredes: 0.249135

Nodos generados (24): (11,13), (13,13), (12,12), (11,12), (13,12), (10,13), (10,12), (14,13), (14,12), (14,14), (12,11), (11,11), (10,11), (14,11), (15,14), (13,15), (9,13), (9,12), (9,14), (15,12), (12,10), (13,10), (13,16), (12,16)
Nodos inspeccionados (12): (12,13), (11,13), (13,13), (12,12), (11,12), (13,12), (14,14), (10,13), (14,13), (12,11), (13,15), (12,16)
|‚Ėą0‚Ėą000‚Ėą‚Ėą0‚Ėą0‚Ėą00‚Ėą00|
|‚Ėą‚Ėą0000000‚Ėą00‚Ėą000‚Ėą|
|000000‚Ėą0000000000|
|0‚Ėą00‚Ėą‚Ėą00000‚Ėą‚Ėą0000|
|S0‚Ėą000‚Ėą00‚Ėą00‚Ėą0‚Ėą‚Ėą0|
|0++0‚Ėą0000‚Ėą000‚Ėą00‚Ėą|
|00‚Ėą+00‚Ėą00000000‚Ėą0|
|‚Ėą000+‚Ėą‚Ėą000‚Ėą000000|
|000‚Ėą0+0000000‚Ėą0‚Ėą‚Ėą|
|‚Ėą0‚Ėą000+000‚Ėą000000|
|00‚Ėą0000++‚Ėą0000‚Ėą‚Ėą0|
|‚Ėą00000000+‚Ėą000‚Ėą00|
|0000000000++++‚Ėą‚Ėą*|
|‚Ėą00‚Ėą‚Ėą‚Ėą00000‚Ėą0*‚Ėą*0|
|00‚Ėą‚Ėą‚Ėą000000000*‚Ėą‚Ėą|
|0‚Ėą‚Ėą00‚Ėą‚Ėą000‚Ėą00‚Ėą0‚Ėą0|
|000‚Ėą‚Ėą00000‚Ėą000000|
Camino encontrado: (12,13) -> (13,13) -> (14,14) -> (13,15) -> (12,16)

=== INFORMACI√ďN DEL CAMINO ENCONTRADO ===
Iteraci√≥n: 15
Reintentos: 0
Coste del camino: 17
Nodos generados en esta iteraci√≥n: 14
Nodos inspeccionados en esta iteraci√≥n: 6
N√ļmero de pasos del camino: 3
Proporci√≥n media de paredes: 0.262976

Nodos generados (14): (12,13), (13,12), (13,14), (12,12), (14,12), (14,14), (11,13), (11,12), (13,15), (12,15), (14,15), (12,16), (11,16), (13,16)
Nodos inspeccionados (6): (13,13), (12,13), (13,14), (12,15), (13,15), (12,16)
|000‚Ėą000‚Ėą000‚Ėą00‚Ėą00|
|‚Ėą000000‚Ėą000‚Ėą‚Ėą0‚Ėą0‚Ėą|
|‚Ėą00000‚Ėą‚Ėą0‚Ėą00‚Ėą00‚Ėą‚Ėą|
|0‚Ėą00‚Ėą0000000‚Ėą0000|
|S00000‚Ėą00‚Ėą00‚Ėą00‚Ėą0|
|0++0‚Ėą0‚Ėą00‚Ėą000‚Ėą000|
|‚Ėą‚Ėą‚Ėą+0‚Ėą0000‚Ėą000‚Ėą‚Ėą0|
|‚Ėą000+000‚Ėą0‚Ėą000000|
|00000+‚Ėą0000000‚Ėą‚Ėą‚Ėą|
|‚Ėą0‚Ėą000+0000‚Ėą00000|
|00‚Ėą0000++‚Ėą0000‚Ėą‚Ėą0|
|‚Ėą00000‚Ėą‚Ėą0+0000‚Ėą‚Ėą0|
|0000000000++++‚Ėą**|
|‚Ėą00‚Ėą00‚Ėą000000+*00|
|‚Ėą0‚Ėą‚Ėą‚Ėą00000000‚Ėą00‚Ėą|
|0‚Ėą‚Ėą00‚Ėą0000‚Ėą00‚Ėą0‚Ėą0|
|‚Ėą00‚Ėą000‚Ėą00000‚Ėą0‚Ėą‚Ėą|
Camino encontrado: (13,13) -> (13,14) -> (12,15) -> (12,16)

=== INFORMACI√ďN DEL CAMINO ENCONTRADO ===
Iteraci√≥n: 16
Reintentos: 0
Coste del camino: 12
Nodos generados en esta iteraci√≥n: 11
Nodos inspeccionados en esta iteraci√≥n: 5
N√ļmero de pasos del camino: 2
Proporci√≥n media de paredes: 0.242215

Nodos generados (11): (12,14), (14,14), (13,13), (13,15), (12,13), (12,15), (14,13), (14,15), (11,15), (12,16), (13,16)
Nodos inspeccionados (5): (13,14), (12,15), (12,14), (13,15), (12,16)
|‚Ėą00‚Ėą0000000‚Ėą00000|
|‚Ėą000000000‚Ėą‚Ėą‚Ėą00‚Ėą0|
|‚Ėą00000‚Ėą00000‚Ėą0000|
|000000000000‚Ėą0000|
|S00‚Ėą0‚Ėą‚Ėą0000‚Ėą‚Ėą00‚Ėą0|
|0++0‚Ėą0‚Ėą‚Ėą000‚Ėą00000|
|00‚Ėą+0‚Ėą0‚Ėą00‚Ėą000‚Ėą0‚Ėą|
|‚Ėą0‚Ėą0+0‚Ėą0‚Ėą00000000|
|0000‚Ėą+000‚Ėą000000‚Ėą|
|0‚Ėą‚Ėą000+00‚Ėą0‚Ėą00000|
|00‚Ėą0‚Ėą0‚Ėą++00000‚Ėą‚Ėą0|
|‚Ėą00000‚Ėą‚Ėą‚Ėą+000‚Ėą‚Ėą0‚Ėą|
|0000000000++++0**|
|‚Ėą00‚Ėą000‚Ėą0‚Ėą‚Ėą00++00|
|‚Ėą0‚Ėą‚Ėą‚Ėą000000‚Ėą0000‚Ėą|
|0‚Ėą0‚Ėą0‚Ėą0000000‚Ėą000|
|‚Ėą‚Ėą00000‚Ėą0000‚Ėą0000|
Camino encontrado: (13,14) -> (12,15) -> (12,16)

=== INFORMACI√ďN DEL CAMINO ENCONTRADO ===
Iteraci√≥n: 17
Reintentos: 0
Coste del camino: 5
Nodos generados en esta iteraci√≥n: 5
Nodos inspeccionados en esta iteraci√≥n: 2
N√ļmero de pasos del camino: 1
Proporci√≥n media de paredes: 0.245675

Nodos generados (5): (11,15), (12,16), (11,14), (11,16), (13,14)
Nodos inspeccionados (2): (12,15), (12,16)
|‚Ėą000000‚Ėą0‚Ėą0000000|
|0‚Ėą00000‚Ėą‚Ėą000000‚Ėą0|
|000000‚Ėą00000‚Ėą00‚Ėą‚Ėą|
|00‚Ėą0000‚Ėą000‚Ėą‚Ėą000‚Ėą|
|S00‚Ėą00000‚Ėą0‚Ėą000‚Ėą0|
|0++0000‚Ėą00‚Ėą0‚Ėą000‚Ėą|
|000+00‚Ėą0‚Ėą0‚Ėą0‚Ėą00‚Ėą0|
|‚Ėą‚Ėą0‚Ėą+0‚Ėą‚Ėą‚Ėą00‚Ėą‚Ėą0‚Ėą00|
|00‚Ėą0‚Ėą+000‚Ėą000000‚Ėą|
|0‚Ėą0000+000000000‚Ėą|
|0000‚Ėą‚Ėą‚Ėą++000‚Ėą0‚Ėą‚Ėą0|
|00‚Ėą0000‚Ėą‚Ėą+000‚Ėą000|
|00‚Ėą0000000++++‚Ėą+*|
|‚Ėą00000000‚Ėą‚Ėą00++‚Ėą‚Ėą|
|000‚Ėą0000000‚Ėą0‚Ėą00‚Ėą|
|0‚Ėą‚Ėą‚Ėą0000000‚Ėą0‚Ėą000|
|0000000‚Ėą000000000|
Camino encontrado: (12,15) -> (12,16)
===============================================
Camino din√°mico encontrado

=== RESUMEN FINAL DEL CAMINO ===
Laberinto: 17x17
N√ļmero de filas: 17
N√ļmero de columnas: 17
Inicio (S): (4, 0)
Fin (E): (12, 16)
Camino: (4,0) -> (5,1) -> (5,2) -> (6,3) -> (7,4) -> (8,5) -> (9,6) -> (10,7) -> (10,8) -> (11,9) -> (12,10) -> (12,11) -> (12,12) -> (12,13) -> (13,13) -> (13,14) -> (12,15) -> (12,16)
Coste: 103
N√ļmero de nodos generados: 1227
N√ļmero de nodos inspeccionados: 863

Representaci√≥n visual final:
|‚Ėą000000‚Ėą0‚Ėą0000000|
|0‚Ėą00000‚Ėą‚Ėą000000‚Ėą0|
|000000‚Ėą00000‚Ėą00‚Ėą‚Ėą|
|00‚Ėą0000‚Ėą000‚Ėą‚Ėą000‚Ėą|
|S00‚Ėą00000‚Ėą0‚Ėą000‚Ėą0|
|0**0000‚Ėą00‚Ėą0‚Ėą000‚Ėą|
|000*00‚Ėą0‚Ėą0‚Ėą0‚Ėą00‚Ėą0|
|‚Ėą‚Ėą0‚Ėą*0‚Ėą‚Ėą‚Ėą00‚Ėą‚Ėą0‚Ėą00|
|00‚Ėą0‚Ėą*000‚Ėą000000‚Ėą|
|0‚Ėą0000*000000000‚Ėą|
|0000‚Ėą‚Ėą‚Ėą**000‚Ėą0‚Ėą‚Ėą0|
|00‚Ėą0000‚Ėą‚Ėą*000‚Ėą000|
|00‚Ėą0000000****‚Ėą**|
|‚Ėą00000000‚Ėą‚Ėą00**‚Ėą‚Ėą|
|000‚Ėą0000000‚Ėą0‚Ėą00‚Ėą|
|0‚Ėą‚Ėą‚Ėą0000000‚Ėą0‚Ėą000|
|0000000‚Ėą000000000|
==============================


=== EJECUCI√ďN FINALIZADA ===
